10000  7.119591  -43.861974  -0.050597
10002  7.109183  -43.862086  -0.051016
10003  7.104015  -43.862473  -0.051040
10004  7.098773  -43.862775  -0.051113
10005  7.093689  -43.863195  -0.051118
10006  7.106570  -43.826930  -0.050626
10007  7.101258  -43.827594  -0.050677
10008  7.096174  -43.828266  -0.050704
10009  7.091082  -43.828808  -0.050810
10010  7.117439  -43.496798  -0.049824
10011  7.112304  -43.496697  -0.050288
10012  7.107279  -43.497514  -0.050325
10013  7.102085  -43.498288  -0.050393
10014  7.097039  -43.499116  -0.050429
10015  7.091909  -43.500069  -0.050411
10016  7.130997  -43.483444  -0.049680
10017  7.125889  -43.483640  -0.050030
10018  7.121251  -43.465616  -0.050095
10019  7.135442  -43.457396  -0.049630
10020  7.115580  -43.459214  -0.050141
10021  7.110019  -43.460044  -0.050152
10022  7.104994  -43.460725  -0.050193
10023  7.099841  -43.461472  -0.050219
10024  7.094574  -43.462189  -0.050267
10025  7.130573  -43.442173  -0.050066
10026  7.125549  -43.442751  -0.050126
10027  7.121223  -43.420469  -0.049956
10028  7.112928  -43.421709  -0.050021
10029  7.107868  -43.422474  -0.050060
10030  7.102061  -43.423413  -0.050084
10031  7.097025  -43.424217  -0.050113
10032  7.091942  -43.424963  -0.050171
10033  7.135406  -43.409749  -0.049351
10034  7.130365  -43.401728  -0.049557
10035  7.117008  -43.397295  -0.050053
10036  7.125212  -43.392669  -0.049878
10037  7.110648  -43.385143  -0.050407
10038  7.105454  -43.385728  -0.050412
10039  7.099629  -43.386269  -0.050471
10040  7.094552  -43.386799  -0.050499
10041  7.133507  -43.365797  -0.050202
10042  7.121063  -43.367020  -0.050257
10043  7.128446  -43.356027  -0.049993
10044  7.116161  -43.357191  -0.050058
10045  7.090801  -43.359308  -0.050374
10046  7.108535  -43.348119  -0.049967
10047  7.103513  -43.348635  -0.049995
10048  7.097492  -43.349229  -0.050044
10049  7.124020  -43.334161  -0.049893
10050  7.134869  -43.324580  -0.049612
10051  7.112852  -43.325535  -0.049974
10052  7.119210  -43.319051  -0.049950
10053  7.093881  -43.320828  -0.050093
10054  7.129865  -43.314548  -0.049930
10055  7.100424  -43.316424  -0.050057
10056  7.105485  -43.307528  -0.050009
10057  7.101495  -43.044332  -0.049561
10058  7.096276  -43.042979  -0.050020
10059  7.091030  -43.042589  -0.050010
10060  7.117933  -43.032956  -0.049437
10061  7.112827  -43.031582  -0.049969
10062  7.107714  -43.031152  -0.050042
10063  7.132443  -43.025035  -0.049405
10064  7.127420  -43.024130  -0.049716
10065  7.122518  -43.015458  -0.049857
10066  7.103791  -43.005327  -0.049861
10067  7.098611  -43.005062  -0.049924
10068  7.093594  -43.004951  -0.049914
10069  7.115529  -42.996611  -0.049691
10070  7.110261  -42.996453  -0.049731
10071  7.129551  -42.980774  -0.049358
10072  7.134826  -42.970687  -0.049225
10073  7.124055  -42.969656  -0.049690
10074  7.106276  -42.969477  -0.049740
10075  7.101273  -42.969346  -0.049798
10076  7.096149  -42.969290  -0.049823
10077  7.090990  -42.969229  -0.049853
10078  7.119214  -42.957171  -0.049730
10079  7.114072  -42.957159  -0.049749
10080  7.129232  -42.936149  -0.049185
10081  7.109543  -42.935391  -0.049667
10082  7.124265  -42.926837  -0.049519
10083  7.104563  -42.927038  -0.049617
10084  7.097843  -42.927057  -0.049681
10085  7.092570  -42.927159  -0.049694
10086  7.134711  -42.917276  -0.048982
10087  7.119238  -42.916827  -0.049449
10088  7.114082  -42.916938  -0.049486
10089  7.128561  -42.888333  -0.049502
10090  7.108488  -42.888429  -0.049944
10091  7.095946  -42.888997  -0.049998
10092  7.090794  -42.889203  -0.050043
10093  7.134534  -42.873733  -0.049299
10094  7.123892  -42.873304  -0.049805
10095  7.118645  -42.873595  -0.049811
10096  7.113546  -42.873846  -0.049840
10097  7.103568  -42.874295  -0.049925
10098  7.131267  -42.842455  -0.049513
10099  7.109289  -42.843683  -0.049595
10100  7.099227  -42.844203  -0.049677
10101  7.094152  -42.844606  -0.049656
10102  7.126484  -42.828364  -0.049419
10103  7.121074  -42.828729  -0.049390
10104  7.115900  -42.828932  -0.049438
10105  7.104550  -42.829492  -0.049498
10106  7.090429  -42.816429  -0.049776
10107  7.111676  -42.804076  -0.049496
10108  7.100593  -42.804468  -0.049615
10109  7.134871  -42.791194  -0.049078
10110  7.129165  -42.791546  -0.049076
10111  7.124075  -42.790971  -0.049508
10112  7.118788  -42.791270  -0.049526
10113  7.106879  -42.791951  -0.049569
10114  7.095577  -42.792578  -0.049637
10115  7.114091  -42.762215  -0.049700
10116  7.103426  -42.762828  -0.049782
10117  7.091856  -42.763605  -0.049833
10118  7.134496  -42.747785  -0.049176
10119  7.129424  -42.747807  -0.049315
10120  7.124107  -42.747551  -0.049603
10121  7.109097  -42.748364  -0.049677
10122  7.096557  -42.749029  -0.049772
10123  7.119158  -42.734958  -0.049573
10124  7.105228  -42.722598  -0.049620
10125  7.090937  -42.723598  -0.049697
10126  7.134757  -42.705339  -0.049419
10127  7.129670  -42.705507  -0.049529
10128  7.124614  -42.705858  -0.049551
10129  7.111203  -42.706854  -0.049595
10130  7.100322  -42.707569  -0.049694
10131  7.119880  -42.689998  -0.049606
10132  7.095541  -42.691741  -0.049732
10133  7.115167  -42.675599  -0.049539
10134  7.107868  -42.676056  -0.049595
10135  7.090822  -42.677284  -0.049681
10136  7.134998  -42.661600  -0.049210
10137  7.129985  -42.661692  -0.049349
10138  7.124944  -42.662063  -0.049353
10139  7.103115  -42.663438  -0.049515
10140  7.120072  -42.649496  -0.049228
10141  7.098142  -42.651140  -0.049389
10142  7.113064  -42.638919  -0.049254
10143  7.093088  -42.640420  -0.049383
10144  7.127451  -42.626827  -0.049272
10145  7.107988  -42.628060  -0.049371
10146  7.135117  -42.615951  -0.049281
10147  7.103076  -42.617750  -0.049476
10148  7.122998  -42.607229  -0.049307
10149  7.117854  -42.607524  -0.049344
10150  7.098101  -42.608752  -0.049470
10151  7.089968  -42.608391  -0.049963
10152  7.112508  -42.598877  -0.049467
10153  7.129952  -42.589024  -0.049284
10154  7.107671  -42.578667  -0.049664
10155  7.101608  -42.578918  -0.049743
10156  7.094406  -42.579392  -0.049754
10157  7.135035  -42.564898  -0.049615
10158  7.125878  -42.565256  -0.049726
10159  7.120654  -42.565603  -0.049722
10160  7.115551  -42.565918  -0.049730
10161  7.090426  -42.553115  -0.049752
10162  7.131730  -42.533087  -0.049463
10163  7.112287  -42.534870  -0.049540
10164  7.107128  -42.535380  -0.049549
10165  7.101932  -42.535795  -0.049609
10166  7.096893  -42.536331  -0.049602
10167  7.127013  -42.517682  -0.049439
10168  7.121745  -42.518264  -0.049432
10169  7.116979  -42.504868  -0.049284
10170  7.093172  -42.507436  -0.049414
10171  7.133820  -42.491683  -0.048695
10172  7.112065  -42.493465  -0.049096
10173  7.106989  -42.493943  -0.049168
10174  7.101768  -42.494502  -0.049212
10175  7.124566  -42.481993  -0.048925
10176  7.097076  -42.477641  -0.049045
10177  7.089806  -42.476939  -0.049751
10178  7.129364  -42.467663  -0.048548
10179  7.119964  -42.465341  -0.049052
10180  7.114958  -42.453034  -0.049590
10181  7.109438  -42.453091  -0.049614
10182  7.104406  -42.453112  -0.049654
10183  7.134436  -42.446493  -0.049499
10184  7.126385  -42.436062  -0.049561
10185  7.099648  -42.435749  -0.049647
10186  7.094412  -42.435670  -0.049680
10187  7.121629  -42.422833  -0.049403
10188  7.132965  -42.407634  -0.049328
10189  7.116710  -42.407739  -0.049386
10190  7.111453  -42.407839  -0.049380
10191  7.106357  -42.407848  -0.049417
10192  7.090752  -42.408025  -0.049474
10193  7.101817  -42.390233  -0.049548
10194  7.096797  -42.390346  -0.049561
10195  7.135004  -42.369369  -0.049132
10196  7.129948  -42.369413  -0.049246
10197  7.124844  -42.369640  -0.049277
10198  7.119579  -42.370017  -0.049242
10199  7.114542  -42.370225  -0.049284
10200  7.109340  -42.370522  -0.049292
10201  7.104876  -42.351701  -0.049231
10202  7.099744  -42.352004  -0.049301
10203  7.094543  -42.352427  -0.049322
10204  7.133003  -42.331549  -0.049018
10205  7.127952  -42.332132  -0.048945
10206  7.122821  -42.332226  -0.049102
10207  7.117622  -42.332721  -0.049080
10208  7.112340  -42.333066  -0.049134
10209  7.090040  -42.334321  -0.049503
10210  7.107260  -42.315885  -0.049116
10211  7.097236  -42.316572  -0.049206
10212  7.125560  -42.296280  -0.049010
10213  7.120278  -42.296760  -0.049018
10214  7.115155  -42.297259  -0.049015
10215  7.102617  -42.298238  -0.049130
10216  7.092645  -42.299179  -0.049164
10217  7.134783  -42.276865  -0.048580
10218  7.110643  -42.278639  -0.048978
10219  7.130397  -42.256787  -0.048868
10220  7.124233  -42.257450  -0.048877
10221  7.118657  -42.258147  -0.048847
10222  7.106136  -42.259359  -0.048958
10223  7.098072  -42.260232  -0.049002
10224  7.090755  -42.261119  -0.049010
10225  7.113906  -42.241246  -0.048906
10226  7.127677  -42.223072  -0.049051
10227  7.109122  -42.224984  -0.049101
10228  7.095313  -42.226425  -0.049169
10229  7.134845  -42.205151  -0.048913
10230  7.123047  -42.206185  -0.049069
10231  7.104453  -42.208162  -0.049199
10232  7.090566  -42.209777  -0.049270
10233  7.118354  -42.187569  -0.049174
10234  7.113339  -42.188254  -0.049170
10235  7.099979  -42.189900  -0.049256
10236  7.132722  -42.167809  -0.049108
10237  7.126768  -42.168756  -0.049057
10238  7.108698  -42.171181  -0.049146
10239  7.095225  -42.173072  -0.049212
10240  7.103920  -42.156141  -0.049413
10241  7.090362  -42.157979  -0.049447
10242  7.123484  -42.137856  -0.049236
10243  7.118076  -42.138514  -0.049278
10244  7.112845  -42.139109  -0.049342
10245  7.099050  -42.140962  -0.049401
10246  7.134167  -42.118471  -0.048981
10247  7.094416  -42.123613  -0.049451
10248  7.129386  -42.099300  -0.048874
10249  7.121729  -42.099751  -0.049231
10250  7.116393  -42.100579  -0.049245
10251  7.110859  -42.101426  -0.049266
10252  7.105831  -42.102155  -0.049309
10253  7.089966  -42.104265  -0.049566
10254  7.101081  -42.084210  -0.049333
10255  7.134851  -42.062275  -0.048915
10256  7.127242  -42.063029  -0.049093
10257  7.119238  -42.064066  -0.049178
10258  7.113880  -42.064991  -0.049131
10259  7.108486  -42.065719  -0.049183
10260  7.096398  -42.067441  -0.049271
10261  7.103879  -42.048191  -0.049298
10262  7.091869  -42.050222  -0.049312
10263  7.133136  -42.024029  -0.049014
10264  7.123617  -42.025875  -0.048968
10265  7.117046  -42.026868  -0.049065
10266  7.111857  -42.027767  -0.049096
10267  7.099161  -42.030031  -0.049151
10268  7.128439  -42.009011  -0.048664
10269  7.106899  -42.013014  -0.048755
10270  7.094467  -42.015302  -0.048844
10271  7.089670  -42.003019  -0.049291
10272  7.120902  -41.991840  -0.048402
10273  7.102356  -41.994940  -0.048579
10274  7.133194  -41.984056  -0.048083
10275  7.115868  -41.985930  -0.048558
10276  7.110733  -41.986706  -0.048605
10277  7.126884  -41.970502  -0.048693
10278  7.097900  -41.975008  -0.048854
10279  7.106414  -41.966173  -0.049067
10280  7.092794  -41.968272  -0.049107
10281  7.119024  -41.954177  -0.048995
10282  7.133336  -41.938834  -0.049012
10283  7.114118  -41.941963  -0.049083
10284  7.102119  -41.943859  -0.049173
10285  7.128619  -41.923871  -0.049037
10286  7.123292  -41.924851  -0.049024
10287  7.109180  -41.927153  -0.049142
10288  7.097218  -41.929256  -0.049194
10289  7.090870  -41.930430  -0.049205
10290  7.118132  -41.910184  -0.048966
10291  7.134050  -41.894526  -0.048434
10292  7.113114  -41.897579  -0.048792
10293  7.105383  -41.899059  -0.048782
10294  7.128499  -41.883823  -0.048636
10295  7.122828  -41.884932  -0.048610
10296  7.091861  -41.890347  -0.048805
10297  7.101031  -41.878574  -0.048653
10298  7.118180  -41.864183  -0.048530
10299  7.110076  -41.865405  -0.048633
10300  7.096211  -41.867791  -0.048696
10301  7.134379  -41.852531  -0.048196
10302  7.129263  -41.841070  -0.048525
10303  7.124194  -41.841249  -0.048832
10304  7.105646  -41.844300  -0.048913
10305  7.091732  -41.846667  -0.048970
10306  7.115328  -41.830438  -0.048838
10307  7.100827  -41.832806  -0.048940
10308  7.134090  -41.812471  -0.048891
10309  7.120140  -41.814928  -0.048875
10310  7.110560  -41.816361  -0.048989
10311  7.095973  -41.818855  -0.049052
10312  7.128962  -41.797974  -0.048563
10313  7.105672  -41.801117  -0.049008
10314  7.091126  -41.803620  -0.049089
10315  7.124108  -41.780829  -0.048819
10316  7.117211  -41.782149  -0.048824
10317  7.100996  -41.785105  -0.048928
10318  7.134362  -41.764426  -0.048277
10319  7.112220  -41.767089  -0.048977
10320  7.096236  -41.770553  -0.048848
10321  7.129289  -41.751760  -0.048389
10322  7.091449  -41.757967  -0.048801
10323  7.124347  -41.740202  -0.048629
10324  7.119233  -41.741265  -0.048598
10325  7.108042  -41.743235  -0.048693
10326  7.102914  -41.744225  -0.048702
10327  7.134377  -41.714382  -0.048334
10328  7.115029  -41.717608  -0.048684
10329  7.098597  -41.720847  -0.048796
10330  7.129126  -41.702737  -0.048419
10331  7.122088  -41.703664  -0.048647
10332  7.110209  -41.705835  -0.048788
10333  7.105005  -41.706982  -0.048770
10334  7.093758  -41.709239  -0.048837
10335  7.134417  -41.672006  -0.048204
10336  7.125590  -41.673069  -0.048630
10337  7.118407  -41.674747  -0.048640
10338  7.101196  -41.678609  -0.048749
10339  7.090144  -41.681027  -0.048867
10340  7.113546  -41.661018  -0.048725
10341  7.108523  -41.662406  -0.048658
10342  7.096373  -41.665115  -0.048785
10343  7.130759  -41.642839  -0.048653
10344  7.125814  -41.631662  -0.048482
10345  7.120754  -41.632965  -0.048463
10346  7.104559  -41.636761  -0.048589
10347  7.092301  -41.639628  -0.048709
10348  7.115649  -41.623638  -0.048477
10349  7.110371  -41.624967  -0.048459
10350  7.099446  -41.627363  -0.048586
10351  7.134281  -41.611437  -0.047904
10352  7.129969  -41.588900  -0.048477
10353  7.124692  -41.589915  -0.048568
10354  7.119521  -41.591100  -0.048577
10355  7.107140  -41.593843  -0.048655
10356  7.096075  -41.596259  -0.048757
10357  7.090986  -41.597521  -0.048744
10358  7.114726  -41.578610  -0.048814
10359  7.102161  -41.581502  -0.048866
10360  7.134148  -41.560408  -0.048288
10361  7.129188  -41.546994  -0.048766
10362  7.124046  -41.548377  -0.048728
10363  7.118937  -41.549621  -0.048753
10364  7.110862  -41.551566  -0.048803
10365  7.098227  -41.554611  -0.048904
10366  7.093100  -41.555973  -0.048896
10367  7.106008  -41.536355  -0.048774
10368  7.134163  -41.511976  -0.048299
10369  7.115912  -41.516092  -0.048708
10370  7.101264  -41.520032  -0.048792
10371  7.090166  -41.523101  -0.048842
10372  7.129258  -41.496481  -0.048329
10373  7.120738  -41.498662  -0.048432
10374  7.111209  -41.501187  -0.048521
10375  7.096522  -41.505232  -0.048620
10376  7.106347  -41.488409  -0.048461
10377  7.134375  -41.467607  -0.048030
10378  7.115838  -41.472202  -0.048309
10379  7.101429  -41.475751  -0.048572
10380  7.092628  -41.478448  -0.048516
10381  7.129398  -41.456290  -0.048148
10382  7.124097  -41.457231  -0.048394
10383  7.110896  -41.460787  -0.048483
10384  7.105214  -41.449123  -0.048642
10385  7.097298  -41.451424  -0.048673
10386  7.133892  -41.427516  -0.048242
10387  7.120232  -41.431364  -0.048412
10388  7.114760  -41.432776  -0.048542
10389  7.090964  -41.440058  -0.048657
10390  7.109996  -41.419974  -0.048502
10391  7.101296  -41.422674  -0.048606
10392  7.128378  -41.398693  -0.048453
10393  7.096539  -41.409009  -0.048702
10394  7.133778  -41.381553  -0.048149
10395  7.123437  -41.384444  -0.048491
10396  7.118433  -41.386015  -0.048587
10397  7.113395  -41.387813  -0.048589
10398  7.106395  -41.390232  -0.048632
10399  7.091814  -41.395336  -0.048722
10400  7.101629  -41.375672  -0.048687
10401  7.126868  -41.347057  -0.048420
10402  7.120903  -41.349003  -0.048583
10403  7.115789  -41.351008  -0.048578
10404  7.097041  -41.358314  -0.048624
10405  7.111137  -41.332475  -0.048540
10406  7.106129  -41.334416  -0.048589
10407  7.092493  -41.339979  -0.048620
10408  7.125309  -41.308703  -0.048447
10409  7.117749  -41.312529  -0.048153
10410  7.101536  -41.318211  -0.048675
10411  7.096586  -41.304864  -0.048635
10412  7.089626  -41.306999  -0.049060
10413  7.121941  -41.277231  -0.048544
10414  7.114047  -41.280953  -0.048488
10415  7.108984  -41.283168  -0.048531
10416  7.134826  -41.253305  -0.048366
10417  7.128639  -41.256962  -0.048019
10418  7.104173  -41.267031  -0.048633
10419  7.099084  -41.269478  -0.048621
10420  7.093438  -41.272163  -0.048625
10421  7.124119  -41.237224  -0.048514
10422  7.119043  -41.239987  -0.048392
10423  7.112125  -41.243199  -0.048476
10424  7.132992  -41.215839  -0.048361
10425  7.107468  -41.228376  -0.048474
10426  7.101818  -41.231119  -0.048528
10427  7.096622  -41.233773  -0.048528
10428  7.090864  -41.236598  -0.048582
10429  7.128193  -41.203647  -0.048102
10430  7.115641  -41.209601  -0.048288
10431  7.123379  -41.190782  -0.048381
10432  7.110667  -41.197347  -0.048365
10433  7.134525  -41.169816  -0.048056
10434  7.105749  -41.183840  -0.048410
10435  7.100650  -41.186439  -0.048440
10436  7.095469  -41.189194  -0.048429
10437  7.090450  -41.191758  -0.048467
10438  7.129661  -41.158148  -0.047909
10439  7.119755  -41.162711  -0.048153
10440  7.124622  -41.147615  -0.048284
10441  7.110345  -41.155454  -0.048090
10442  7.115465  -41.140530  -0.048092
10443  7.103827  -41.146173  -0.048239
10444  7.098783  -41.148815  -0.048222
10445  7.093653  -41.151459  -0.048231
10446  7.134671  -41.119976  -0.047964
10447  7.128706  -41.113615  -0.048042
10448  7.121249  -41.116465  -0.048424
10449  7.112167  -41.108802  -0.048490
10450  7.107147  -41.111210  -0.048563
10451  7.090466  -41.119756  -0.048592
10452  7.116984  -41.094844  -0.048476
10453  7.102153  -41.102078  -0.048585
10454  7.097153  -41.104639  -0.048574
10455  7.134467  -41.075909  -0.048159
10456  7.128586  -41.068911  -0.048175
10457  7.122204  -41.071380  -0.048464
10458  7.111608  -41.065580  -0.048454
10459  7.106370  -41.067962  -0.048562
10460  7.093664  -41.074443  -0.048527
10461  7.117699  -41.050915  -0.048519
10462  7.101391  -41.058882  -0.048607
10463  7.134829  -41.029582  -0.048477
10464  7.129859  -41.016954  -0.048390
10465  7.121428  -41.021990  -0.048083
10466  7.113028  -41.025535  -0.048440
10467  7.107996  -41.027906  -0.048549
10468  7.097500  -41.033339  -0.048574
10469  7.091901  -41.036257  -0.048586
10470  7.103210  -41.015917  -0.048489
10471  7.133926  -40.990138  -0.048164
10472  7.117385  -40.998147  -0.048346
10473  7.127013  -40.983149  -0.048262
10474  7.110280  -40.991589  -0.048283
10475  7.094704  -40.999214  -0.048436
10476  7.121994  -40.972625  -0.048261
10477  7.100166  -40.983314  -0.048457
10478  7.089773  -40.988312  -0.048614
10479  7.131533  -40.954378  -0.048298
10480  7.114899  -40.962476  -0.048414
10481  7.106113  -40.966982  -0.048398
10482  7.125321  -40.942555  -0.048002
10483  7.096233  -40.956946  -0.048311
10484  7.120491  -40.929675  -0.047822
10485  7.111219  -40.933804  -0.048112
10486  7.102387  -40.938294  -0.048170
10487  7.091268  -40.944035  -0.048227
10488  7.134277  -40.906438  -0.047848
10489  7.129035  -40.908856  -0.047974
10490  7.115747  -40.915574  -0.048071
10491  7.124098  -40.894775  -0.048157
10492  7.107819  -40.903480  -0.048168
10493  7.098908  -40.908046  -0.048271
10494  7.131800  -40.870990  -0.048164
10495  7.119313  -40.877810  -0.048174
10496  7.113129  -40.880793  -0.048348
10497  7.094157  -40.891416  -0.048334
10498  7.124978  -40.854918  -0.048197
10499  7.106217  -40.864898  -0.048388
10500  7.101169  -40.867599  -0.048445
10501  7.134690  -40.831221  -0.047938
10502  7.120385  -40.838158  -0.048332
10503  7.115227  -40.840818  -0.048419
10504  7.096264  -40.851482  -0.048431
10505  7.091028  -40.854409  -0.048454
10506  7.128315  -40.815055  -0.047913
10507  7.110544  -40.824472  -0.048205
10508  7.103932  -40.828142  -0.048262
10509  7.134476  -40.789970  -0.047806
10510  7.123954  -40.795297  -0.048121
10511  7.118604  -40.798383  -0.048137
10512  7.099390  -40.809486  -0.048234
10513  7.094293  -40.812581  -0.048214
10514  7.114231  -40.778326  -0.048245
10515  7.109043  -40.781569  -0.048167
10516  7.103967  -40.784369  -0.048250
10517  7.089954  -40.792474  -0.048367
10518  7.126221  -40.751195  -0.047952
10519  7.121020  -40.753927  -0.048074
10520  7.099433  -40.766466  -0.048156
10521  7.094378  -40.769471  -0.048164
10522  7.134399  -40.728461  -0.047652
10523  7.115630  -40.738639  -0.048013
10524  7.110422  -40.741526  -0.048100
10525  7.105312  -40.744402  -0.048174
10526  7.128142  -40.712729  -0.047705
10527  7.123096  -40.714752  -0.048135
10528  7.097126  -40.730413  -0.048272
10529  7.091960  -40.733501  -0.048328
10530  7.118348  -40.697749  -0.048216
10531  7.113149  -40.700695  -0.048351
10532  7.107960  -40.703845  -0.048406
10533  7.102925  -40.706960  -0.048441
10534  7.134171  -40.666834  -0.048190
10535  7.127939  -40.670094  -0.048444
10536  7.122903  -40.673068  -0.048515
10537  7.098456  -40.688048  -0.048727
10538  7.093223  -40.691361  -0.048750
10539  7.118146  -40.655327  -0.048368
10540  7.113080  -40.658473  -0.048405
10541  7.107892  -40.661661  -0.048464
10542  7.102864  -40.664799  -0.048506
10543  7.131496  -40.630052  -0.047568
10544  7.125862  -40.632770  -0.047934
10545  7.096445  -40.651232  -0.048175
10546  7.091053  -40.654645  -0.048230
10547  7.120844  -40.620902  -0.047764
10548  7.115947  -40.610209  -0.047831
10549  7.110866  -40.613325  -0.047838
10550  7.103676  -40.617801  -0.047835
10551  7.127706  -40.589239  -0.047843
10552  7.098654  -40.606508  -0.048013
10553  7.093154  -40.609869  -0.048027
10554  7.122927  -40.575799  -0.048099
10555  7.118158  -40.560781  -0.048434
10556  7.112919  -40.564066  -0.048396
10557  7.107693  -40.567158  -0.048443
10558  7.102680  -40.570246  -0.048443
10559  7.090071  -40.577935  -0.048499
10560  7.126963  -40.539791  -0.047848
10561  7.097797  -40.556140  -0.048437
10562  7.122331  -40.524301  -0.048269
10563  7.093127  -40.541653  -0.048406
10564  7.117657  -40.509887  -0.048187
10565  7.112544  -40.512858  -0.048223
10566  7.107348  -40.515857  -0.048275
10567  7.102335  -40.518881  -0.048272
10568  7.126572  -40.486216  -0.048185
10569  7.097570  -40.503296  -0.048314
10570  7.090311  -40.507659  -0.048340
10571  7.121971  -40.469981  -0.048118
10572  7.115228  -40.474013  -0.048147
10573  7.110167  -40.477026  -0.048183
10574  7.104800  -40.480196  -0.048235
10575  7.100108  -40.464993  -0.048164
10576  7.095048  -40.468109  -0.048170
10577  7.127083  -40.431189  -0.047827
10578  7.119144  -40.435466  -0.048043
10579  7.112669  -40.439419  -0.048029
10580  7.107446  -40.442446  -0.048095
10581  7.090223  -40.452954  -0.048136
10582  7.124027  -40.398942  -0.047911
10583  7.115986  -40.403685  -0.047981
10584  7.104234  -40.410804  -0.048032
10585  7.097395  -40.414973  -0.048063
10586  7.091272  -40.402261  -0.048098
10587  7.120588  -40.368219  -0.047964
10588  7.112506  -40.373008  -0.047958
10589  7.101052  -40.379642  -0.048043
10590  7.129895  -40.349215  -0.047134
10591  7.107555  -40.360529  -0.047831
10592  7.096234  -40.367051  -0.047891
10593  7.125079  -40.335994  -0.047834
10594  7.116870  -40.340690  -0.047856
10595  7.091239  -40.355353  -0.048013
10596  7.103628  -40.333734  -0.048085
10597  7.121787  -40.305558  -0.048326
10598  7.109693  -40.312526  -0.048329
10599  7.098082  -40.319202  -0.048367
10600  7.128326  -40.281593  -0.048303
10601  7.117094  -40.287622  -0.048523
10602  7.105144  -40.294543  -0.048574
10603  7.093326  -40.301515  -0.048600
10604  7.124067  -40.260398  -0.048660
10605  7.112726  -40.267222  -0.048658
10606  7.100619  -40.274394  -0.048732
10607  7.119653  -40.239641  -0.048740
10608  7.108382  -40.246480  -0.048786
10609  7.096072  -40.254089  -0.048813
10610  7.091076  -40.257130  -0.048852
10611  7.132343  -40.206518  -0.048376
10612  7.127193  -40.208928  -0.048714
10613  7.115339  -40.216447  -0.048688
10614  7.104207  -40.223300  -0.048778
10615  7.123215  -40.184526  -0.048420
10616  7.111232  -40.192200  -0.048525
10617  7.100134  -40.199490  -0.048573
10618  7.095013  -40.202916  -0.048581
10619  7.089934  -40.206092  -0.048686
10620  7.134667  -40.149728  -0.047965
10621  7.127195  -40.154463  -0.048130
10622  7.119085  -40.160249  -0.048062
10623  7.107157  -40.168330  -0.048159
10624  7.122865  -40.132121  -0.047644
10625  7.114863  -40.137582  -0.047728
10626  7.103000  -40.145902  -0.047791
10627  7.097841  -40.149605  -0.047793
10628  7.092836  -40.153128  -0.047831
10629  7.134320  -40.102000  -0.047033
10630  7.127195  -40.106722  -0.047176
10631  7.110183  -40.118377  -0.047408
10632  7.121283  -40.093800  -0.047325
10633  7.116087  -40.097414  -0.047407
10634  7.105273  -40.105243  -0.047473
10635  7.100044  -40.109072  -0.047496
10636  7.094956  -40.112849  -0.047502
10637  7.089940  -40.116313  -0.047613
10638  7.133936  -40.059068  -0.047513
10639  7.125234  -40.065036  -0.047700
10640  7.112051  -40.073973  -0.048048
10641  7.120336  -40.049525  -0.048250
10642  7.107311  -40.059102  -0.048396
10643  7.102293  -40.062869  -0.048432
10644  7.097187  -40.066751  -0.048455
10645  7.091969  -40.070670  -0.048503
10646  7.132139  -40.022350  -0.048539
10647  7.114679  -40.035410  -0.048652
10648  7.126798  -40.008591  -0.048324
10649  7.109243  -40.021153  -0.048682
10650  7.104171  -40.024990  -0.048717
10651  7.099021  -40.028972  -0.048728
10652  7.094035  -40.032721  -0.048786
10653  7.134305  -39.982846  -0.048101
10654  7.122186  -39.991719  -0.048271
10655  7.117026  -39.995496  -0.048354
10656  7.089473  -40.015820  -0.048851
10657  7.112210  -39.980054  -0.048053
10658  7.107090  -39.983984  -0.048081
10659  7.101871  -39.988013  -0.048104
10660  7.096840  -39.991876  -0.048145
10661  7.127091  -39.954285  -0.047249
10662  7.119149  -39.959120  -0.047740
10663  7.091873  -39.979851  -0.047918
10664  7.134784  -39.934969  -0.047624
10665  7.114790  -39.936496  -0.047835
10666  7.109560  -39.940536  -0.047848
10667  7.104526  -39.944411  -0.047875
10668  7.099432  -39.948354  -0.047897
10669  7.130771  -39.909127  -0.047874
10670  7.123646  -39.914737  -0.047850
10671  7.094513  -39.937088  -0.048079
10672  7.089473  -39.940270  -0.048407
10673  7.118858  -39.902143  -0.048069
10674  7.134532  -39.875128  -0.047811
10675  7.113976  -39.890059  -0.048096
10676  7.107634  -39.894899  -0.048112
10677  7.101037  -39.899944  -0.048134
10678  7.096135  -39.887931  -0.048074
10679  7.091044  -39.891793  -0.048102
10680  7.130509  -39.849726  -0.047772
10681  7.125236  -39.853832  -0.047716
10682  7.120038  -39.857497  -0.047817
10683  7.114428  -39.847804  -0.048033
10684  7.109210  -39.851735  -0.048066
10685  7.104142  -39.855583  -0.048094
10686  7.134250  -39.814673  -0.048065
10687  7.099396  -39.841568  -0.048216
10688  7.094145  -39.845638  -0.048255
10689  7.129633  -39.797428  -0.048201
10690  7.121614  -39.803774  -0.048201
10691  7.116415  -39.807781  -0.048254
10692  7.111360  -39.811764  -0.048278
10693  7.106225  -39.815802  -0.048308
10694  7.089573  -39.828679  -0.048548
10695  7.101576  -39.800304  -0.048380
10696  7.096484  -39.804364  -0.048391
10697  7.134408  -39.754426  -0.048069
10698  7.127846  -39.759377  -0.048175
10699  7.122757  -39.763377  -0.048199
10700  7.117767  -39.767307  -0.048227
10701  7.112671  -39.771273  -0.048279
10702  7.107431  -39.775476  -0.048286
10703  7.091797  -39.788038  -0.048343
10704  7.102758  -39.758246  -0.048213
10705  7.097627  -39.762484  -0.048229
10706  7.134233  -39.712464  -0.047949
10707  7.128983  -39.716502  -0.048070
10708  7.122728  -39.722693  -0.047673
10709  7.117447  -39.726010  -0.048103
10710  7.112328  -39.730120  -0.048172
10711  7.107317  -39.734338  -0.048165
10712  7.092877  -39.746316  -0.048252
10713  7.102747  -39.716983  -0.048021
10714  7.097546  -39.721420  -0.048022
10715  7.134257  -39.670606  -0.047741
10716  7.127642  -39.676743  -0.047512
10717  7.121738  -39.681326  -0.047667
10718  7.115732  -39.685914  -0.047862
10719  7.110619  -39.690129  -0.047912
10720  7.092815  -39.705206  -0.047984
10721  7.106010  -39.674199  -0.047952
10722  7.100909  -39.678565  -0.047966
10723  7.127803  -39.635576  -0.047814
10724  7.120979  -39.641301  -0.047829
10725  7.115899  -39.645136  -0.048014
10726  7.110755  -39.649397  -0.048058
10727  7.096060  -39.661901  -0.048100
10728  7.091066  -39.666117  -0.048140
10729  7.106433  -39.628942  -0.048156
10730  7.101299  -39.633319  -0.048166
10731  7.128352  -39.587736  -0.047869
10732  7.123337  -39.591659  -0.048008
10733  7.118255  -39.595887  -0.048057
10734  7.112994  -39.600293  -0.048100
10735  7.096718  -39.614207  -0.048179
10736  7.091702  -39.618451  -0.048234
10737  7.134297  -39.560546  -0.047761
10738  7.108530  -39.581967  -0.048167
10739  7.103334  -39.586473  -0.048194
10740  7.129951  -39.540364  -0.047969
10741  7.124972  -39.544716  -0.047990
10742  7.119369  -39.550304  -0.047753
10743  7.114227  -39.554111  -0.048058
10744  7.098710  -39.567785  -0.048165
10745  7.093621  -39.572273  -0.048214
10746  7.109777  -39.533356  -0.048137
10747  7.104557  -39.537972  -0.048161
10748  7.131050  -39.492762  -0.047670
10749  7.125966  -39.496778  -0.047839
10750  7.118523  -39.504238  -0.047482
10751  7.100098  -39.519254  -0.048003
10752  7.094940  -39.523826  -0.048027
10753  7.089838  -39.528173  -0.048124
10754  7.113825  -39.487039  -0.047696
10755  7.108787  -39.491472  -0.047740
10756  7.130948  -39.451602  -0.047420
10757  7.125566  -39.456028  -0.047591
10758  7.118458  -39.463377  -0.047246
10759  7.103927  -39.475388  -0.047744
10760  7.098939  -39.479958  -0.047755
10761  7.093548  -39.484874  -0.047784
10762  7.114063  -39.444062  -0.047879
10763  7.108992  -39.448665  -0.047904
10764  7.134474  -39.402044  -0.048119
10765  7.127568  -39.408860  -0.047912
10766  7.122512  -39.412773  -0.048188
10767  7.104458  -39.429060  -0.048328
10768  7.099453  -39.433713  -0.048328
10769  7.094330  -39.438425  -0.048359
10770  7.117064  -39.393383  -0.048327
10771  7.111622  -39.398330  -0.048369
10772  7.089940  -39.418402  -0.048491
10773  7.132755  -39.355288  -0.048031
10774  7.127754  -39.359888  -0.048067
10775  7.122614  -39.364604  -0.048119
10776  7.107164  -39.378978  -0.048233
10777  7.102064  -39.383843  -0.048238
10778  7.096878  -39.388753  -0.048264
10779  7.116208  -39.348660  -0.047798
10780  7.111118  -39.353495  -0.047827
10781  7.092173  -39.371631  -0.047949
10782  7.134465  -39.310892  -0.047551
10783  7.127313  -39.318247  -0.047345
10784  7.122330  -39.322252  -0.047650
10785  7.106449  -39.337245  -0.047790
10786  7.101147  -39.342383  -0.047801
10787  7.113465  -39.314253  -0.047716
10788  7.096359  -39.330339  -0.047826
10789  7.089637  -39.336380  -0.048003
10790  7.130359  -39.285002  -0.047620
10791  7.118097  -39.296877  -0.047457
10792  7.125360  -39.273510  -0.047715
10793  7.109524  -39.288017  -0.047867
10794  7.104419  -39.292750  -0.047904
10795  7.134168  -39.248504  -0.047645
10796  7.120402  -39.260865  -0.047840
10797  7.114904  -39.265896  -0.047892
10798  7.099618  -39.280077  -0.048004
10799  7.094599  -39.284760  -0.048041
10800  7.089550  -39.289023  -0.048267
10801  7.128327  -39.239324  -0.047667
10802  7.123448  -39.228446  -0.047998
10803  7.111074  -39.239393  -0.048124
10804  7.105963  -39.243938  -0.048177
10805  7.133641  -39.201152  -0.047926
10806  7.118514  -39.214366  -0.048147
10807  7.101025  -39.230181  -0.048251
10808  7.095966  -39.234781  -0.048284
10809  7.090843  -39.239518  -0.048296
10810  7.128956  -39.183543  -0.048037
10811  7.123835  -39.188240  -0.048036
10812  7.113837  -39.197163  -0.048153
10813  7.108600  -39.201996  -0.048158
10814  7.134346  -39.155931  -0.048006
10815  7.119321  -39.169682  -0.048098
10816  7.103979  -39.183840  -0.048204
10817  7.098855  -39.188695  -0.048204
10818  7.093640  -39.193574  -0.048234
10819  7.129876  -39.137224  -0.047963
10820  7.124709  -39.142124  -0.047936
10821  7.114670  -39.151294  -0.048049
10822  7.109447  -39.156185  -0.048068
10823  7.134411  -39.110418  -0.047884
10824  7.120040  -39.123733  -0.047979
10825  7.104939  -39.137842  -0.048091
10826  7.099802  -39.142770  -0.048092
10827  7.094591  -39.147655  -0.048147
10828  7.089563  -39.152076  -0.048324
10829  7.129770  -39.093882  -0.047896
10830  7.124675  -39.098654  -0.047919
10831  7.115211  -39.107454  -0.048008
10832  7.109985  -39.112354  -0.048049
10833  7.134463  -39.066202  -0.047899
10834  7.120122  -39.079752  -0.048013
10835  7.105557  -39.093640  -0.048133
10836  7.100386  -39.098673  -0.048148
10837  7.095167  -39.103682  -0.048199
10838  7.090085  -39.108675  -0.048211
10839  7.130142  -39.045934  -0.047959
10840  7.124973  -39.050954  -0.047978
10841  7.115517  -39.060028  -0.048071
10842  7.110542  -39.064831  -0.048120
10843  7.134415  -39.016830  -0.047902
10844  7.120672  -39.030061  -0.048006
10845  7.105455  -39.044863  -0.048124
10846  7.100280  -39.049983  -0.048146
10847  7.095300  -39.054904  -0.048178
10848  7.090180  -39.060053  -0.048186
10849  7.129771  -38.998987  -0.047896
10850  7.124605  -39.003913  -0.047928
10851  7.115971  -39.012219  -0.047967
10852  7.110950  -39.017001  -0.048021
10853  7.133932  -38.974488  -0.047625
10854  7.119953  -38.987497  -0.047789
10855  7.106136  -39.000598  -0.047910
10856  7.100905  -39.005620  -0.047947
10857  7.095851  -39.010583  -0.047946
10858  7.090739  -39.015463  -0.048007
10859  7.129447  -38.955252  -0.047786
10860  7.124301  -38.960048  -0.047844
10861  7.114718  -38.969215  -0.047877
10862  7.133654  -38.926493  -0.047864
10863  7.119954  -38.939594  -0.047850
10864  7.110362  -38.948514  -0.047972
10865  7.105210  -38.953483  -0.047980
10866  7.100227  -38.958270  -0.048000
10867  7.095184  -38.963173  -0.048008
10868  7.090032  -38.968113  -0.048053
10869  7.129221  -38.905715  -0.047839
10870  7.124007  -38.910551  -0.047882
10871  7.115605  -38.918506  -0.047907
10872  7.134176  -38.876734  -0.047627
10873  7.119612  -38.890199  -0.047768
10874  7.111142  -38.898058  -0.047870
10875  7.105940  -38.902946  -0.047915
10876  7.100899  -38.907785  -0.047930
10877  7.095774  -38.912752  -0.047933
10878  7.090587  -38.917684  -0.047982
10879  7.129785  -38.856225  -0.047783
10880  7.124809  -38.860868  -0.047802
10881  7.134288  -38.829620  -0.047358
10882  7.120323  -38.842174  -0.047596
10883  7.115343  -38.846837  -0.047624
10884  7.110355  -38.852150  -0.047410
10885  7.105260  -38.856217  -0.047720
10886  7.100209  -38.861005  -0.047747
10887  7.095050  -38.865970  -0.047753
10888  7.089907  -38.870705  -0.047850
10889  7.129675  -38.810185  -0.047456
10890  7.124703  -38.814861  -0.047476
10891  7.120433  -38.793916  -0.047699
10892  7.115421  -38.798670  -0.047708
10893  7.110256  -38.803477  -0.047764
10894  7.105239  -38.808189  -0.047806
10895  7.100160  -38.813057  -0.047823
10896  7.094992  -38.817990  -0.047858
10897  7.089971  -38.822858  -0.047867
10898  7.134517  -38.755051  -0.047909
10899  7.129423  -38.759528  -0.048017
10900  7.124416  -38.764233  -0.048012
10901  7.120535  -38.737476  -0.048379
10902  7.115489  -38.742333  -0.048377
10903  7.110294  -38.747228  -0.048426
10904  7.105237  -38.752050  -0.048461
10905  7.100140  -38.756988  -0.048473
10906  7.094941  -38.762005  -0.048504
10907  7.089933  -38.766880  -0.048527
10908  7.134466  -38.687474  -0.048606
10909  7.129255  -38.692462  -0.048646
10910  7.124272  -38.697352  -0.048648
10911  7.117825  -38.703657  -0.048672
10912  7.112534  -38.708879  -0.048684
10913  7.107456  -38.713782  -0.048745
10914  7.102247  -38.718966  -0.048760
10915  7.097233  -38.723983  -0.048772
10916  7.091859  -38.729411  -0.048775
10917  7.134371  -38.646803  -0.048638
10918  7.128473  -38.652606  -0.048653
10919  7.123405  -38.657293  -0.048794
10920  7.118287  -38.662353  -0.048818
10921  7.113299  -38.667328  -0.048832
10922  7.108215  -38.672298  -0.048899
10923  7.102994  -38.677541  -0.048921
10924  7.097957  -38.682657  -0.048932
10925  7.092830  -38.687919  -0.048933
10926  7.134707  -38.604170  -0.048351
10927  7.128453  -38.610955  -0.048185
10928  7.123321  -38.615494  -0.048462
10929  7.118208  -38.620685  -0.048486
10930  7.112965  -38.626002  -0.048524
10931  7.107905  -38.631067  -0.048593
10932  7.102712  -38.636419  -0.048618
10933  7.097334  -38.642619  -0.048400
10934  7.092361  -38.647201  -0.048656
10935  7.131418  -38.571471  -0.047598
10936  7.125656  -38.577002  -0.047752
10937  7.120482  -38.582201  -0.047809
10938  7.115209  -38.587586  -0.047842
10939  7.110087  -38.592751  -0.047911
10940  7.105092  -38.597877  -0.047951
10941  7.099754  -38.603461  -0.047967
10942  7.094599  -38.608862  -0.047990
10943  7.089601  -38.613706  -0.048173
10944  7.134042  -38.535189  -0.046905
10945  7.128135  -38.540878  -0.047055
10946  7.124328  -38.513443  -0.046992
10947  7.119231  -38.518644  -0.047013
10948  7.114023  -38.523908  -0.047060
10949  7.108945  -38.529064  -0.047110
10950  7.103806  -38.534319  -0.047154
10951  7.098818  -38.539510  -0.047171
10952  7.093726  -38.544876  -0.047174
10953  7.134413  -38.473559  -0.047049
10954  7.127267  -38.480437  -0.047216
10955  7.089817  -38.518708  -0.047520
10956  7.130722  -38.445622  -0.047809
10957  7.123526  -38.452931  -0.047850
10958  7.118498  -38.458095  -0.047866
10959  7.113306  -38.463384  -0.047908
10960  7.108290  -38.468457  -0.047968
10961  7.103186  -38.473779  -0.047981
10962  7.097984  -38.479180  -0.048013
10963  7.092972  -38.484450  -0.048026
10964  7.134322  -38.406350  -0.048092
10965  7.127841  -38.412737  -0.048233
10966  7.115525  -38.425474  -0.048304
10967  7.110170  -38.430965  -0.048371
10968  7.099991  -38.441710  -0.048406
10969  7.094893  -38.447192  -0.048403
10970  7.089817  -38.452391  -0.048508
10971  7.130127  -38.375953  -0.048201
10972  7.124611  -38.381596  -0.048262
10973  7.119540  -38.386953  -0.048259
10974  7.112300  -38.394375  -0.048362
10975  7.106761  -38.400169  -0.048410
10976  7.134399  -38.343058  -0.047828
10977  7.102833  -38.375286  -0.048098
10978  7.096265  -38.382749  -0.047905
10979  7.090366  -38.389273  -0.047821
10980  7.124916  -38.326427  -0.047506
10981  7.119908  -38.331453  -0.047541
10982  7.114739  -38.336619  -0.047595
10983  7.109737  -38.341591  -0.047667
10984  7.134646  -38.292935  -0.047265
10985  7.129434  -38.297842  -0.047387
10986  7.105358  -38.321736  -0.047577
10987  7.100367  -38.326784  -0.047603
10988  7.095305  -38.331950  -0.047620
10989  7.090164  -38.337117  -0.047680
10990  7.124652  -38.281284  -0.047548
10991  7.109425  -38.296033  -0.047669
10992  7.134175  -38.252367  -0.047608
10993  7.120025  -38.265511  -0.047791
10994  7.101576  -38.283080  -0.047949
10995  7.096431  -38.288968  -0.047617
10996  7.091253  -38.293055  -0.048030
10997  7.129281  -38.237870  -0.047722
10998  7.115292  -38.250635  -0.047952
10999  7.110263  -38.255279  -0.048027
11000  7.124585  -38.223102  -0.048019
11001  7.134607  -38.195081  -0.047741
11002  7.119885  -38.208001  -0.047937
11003  7.113228  -38.213953  -0.048003
11004  7.107985  -38.218679  -0.048046
11005  7.102907  -38.223293  -0.048079
11006  7.097743  -38.228046  -0.048100
11007  7.091952  -38.234215  -0.047786
11008  7.128470  -38.179029  -0.047595
11009  7.134919  -38.150403  -0.047910
11010  7.124014  -38.159860  -0.048072
11011  7.118755  -38.164555  -0.048107
11012  7.113651  -38.169126  -0.048141
11013  7.108431  -38.173841  -0.048166
11014  7.103372  -38.178446  -0.048183
11015  7.098236  -38.183138  -0.048202
11016  7.092244  -38.188636  -0.048225
11017  7.130442  -38.129490  -0.048079
11018  7.134677  -38.100759  -0.047999
11019  7.126168  -38.108027  -0.048213
11020  7.121190  -38.112563  -0.048230
11021  7.116060  -38.117212  -0.048264
11022  7.111070  -38.121781  -0.048283
11023  7.106029  -38.126320  -0.048343
11024  7.100846  -38.131132  -0.048354
11025  7.095818  -38.135808  -0.048368
11026  7.090766  -38.140501  -0.048392
11027  7.130696  -38.076204  -0.048154
11028  7.134561  -38.044965  -0.047593
11029  7.126528  -38.051400  -0.048050
11030  7.121279  -38.056298  -0.048076
11031  7.116208  -38.060976  -0.048131
11032  7.110969  -38.065909  -0.048154
11033  7.105959  -38.070579  -0.048204
11034  7.100831  -38.075447  -0.048227
11035  7.095836  -38.080224  -0.048241
11036  7.090564  -38.086141  -0.047916
11037  7.130417  -38.021449  -0.047889
11038  7.122604  -38.006473  -0.047335
11039  7.117380  -38.010101  -0.047863
11040  7.112182  -38.014885  -0.047924
11041  7.107153  -38.019542  -0.047979
11042  7.102015  -38.024400  -0.048002
11043  7.097030  -38.029104  -0.048035
11044  7.091971  -38.033988  -0.048035
11045  7.098970  -37.991715  -0.047989
11046  7.093848  -37.996259  -0.048001
11047  7.134494  -37.723093  -0.047812
11048  7.129403  -37.726786  -0.048102
11049  7.124447  -37.717579  -0.048168
11050  7.119260  -37.721684  -0.048254
11051  7.114278  -37.712350  -0.047978
11052  7.131815  -37.683246  -0.047754
11053  7.109290  -37.701466  -0.048011
11054  7.126716  -37.671578  -0.047962
11055  7.121412  -37.675801  -0.048014
11056  7.104402  -37.689578  -0.048120
11057  7.116456  -37.665000  -0.048136
11058  7.099358  -37.678509  -0.048263
11059  7.094353  -37.682571  -0.048269
11060  7.134598  -37.634752  -0.047908
11061  7.111644  -37.652184  -0.048196
11062  7.129623  -37.622505  -0.047788
11063  7.124418  -37.626219  -0.047933
11064  7.119186  -37.630132  -0.048011
11065  7.106691  -37.639839  -0.048069
11066  7.090822  -37.652200  -0.048176
11067  7.101778  -37.628641  -0.047880
11068  7.096661  -37.632573  -0.047929
11069  7.134157  -37.590307  -0.047576
11070  7.115168  -37.604277  -0.047777
11071  7.109934  -37.608123  -0.047848
11072  7.129081  -37.579874  -0.047804
11073  7.123994  -37.583636  -0.047808
11074  7.092731  -37.606516  -0.048057
11075  7.119404  -37.567340  -0.048106
11076  7.105474  -37.577612  -0.048197
11077  7.100237  -37.581500  -0.048232
11078  7.134514  -37.535438  -0.047580
11079  7.129342  -37.538128  -0.048038
11080  7.124260  -37.541897  -0.048040
11081  7.114868  -37.548806  -0.048080
11082  7.109594  -37.552711  -0.048102
11083  7.095692  -37.562971  -0.048207
11084  7.090552  -37.566827  -0.048230
11085  7.119445  -37.525660  -0.048148
11086  7.105017  -37.536063  -0.048260
11087  7.099829  -37.539837  -0.048298
11088  7.133013  -37.497007  -0.048077
11089  7.127183  -37.501144  -0.048122
11090  7.112945  -37.511410  -0.048196
11091  7.093842  -37.525165  -0.048377
11092  7.122349  -37.486373  -0.048047
11093  7.108288  -37.496368  -0.048165
11094  7.102677  -37.500384  -0.048214
11095  7.117221  -37.477892  -0.047988
11096  7.097689  -37.490242  -0.048196
11097  7.111963  -37.214232  -0.048853
11098  7.106896  -37.217641  -0.048972
11099  7.101884  -37.221283  -0.048989
11100  7.096740  -37.224917  -0.049057
11101  7.091487  -37.228678  -0.049115
11102  7.134563  -37.169639  -0.048908
11106  7.115562  -37.149022  -0.048945
11107  7.110326  -37.152758  -0.048994
11108  7.105281  -37.156453  -0.049011
11109  7.100090  -37.160169  -0.049072
11110  7.095083  -37.163779  -0.049131
11111  7.090017  -37.167082  -0.049333
11112  7.134735  -37.097150  -0.048308
11113  7.129485  -37.100691  -0.048453
11114  7.124182  -37.104507  -0.048513
11115  7.119053  -37.108311  -0.048534
11116  7.113459  -37.112431  -0.048579
11117  7.107719  -37.116749  -0.048597
11118  7.101887  -37.121076  -0.048654
11119  7.092576  -37.128115  -0.048715
11120  7.131937  -37.063197  -0.047936
11121  7.126591  -37.067211  -0.047969
11122  7.121120  -37.071360  -0.047997
11123  7.115839  -37.075356  -0.048033
11124  7.110429  -37.079500  -0.048062
11125  7.104887  -37.083709  -0.048116
11126  7.098955  -37.088205  -0.048189
11127  7.095253  -37.059496  -0.047828
11128  7.090207  -37.063168  -0.047954
11129  7.134662  -36.999109  -0.047321
11130  7.129638  -37.002416  -0.047494
11131  7.124508  -37.006186  -0.047525
11132  7.119255  -37.010131  -0.047531
11133  7.114175  -37.013862  -0.047576
11134  7.108938  -37.017815  -0.047593
11135  7.103883  -37.021535  -0.047653
11136  7.098713  -37.025442  -0.047683
11137  7.094996  -36.997732  -0.047825
11138  7.134787  -36.937998  -0.047648
11139  7.129802  -36.941223  -0.047813
11140  7.124804  -36.944879  -0.047817
11141  7.119593  -36.948650  -0.047848
11142  7.114604  -36.952293  -0.047869
11143  7.108535  -36.956692  -0.047919
11144  7.103545  -36.960382  -0.047942
11145  7.098505  -36.964175  -0.047946
11146  7.091238  -36.969628  -0.047971
11147  7.094754  -36.936167  -0.048131
11148  7.135049  -36.879540  -0.047632
11149  7.129825  -36.883071  -0.047813
11150  7.124542  -36.887103  -0.047827
11151  7.119421  -36.890961  -0.047865
11152  7.114168  -36.894964  -0.047892
11153  7.109117  -36.898694  -0.047971
11154  7.103925  -36.902684  -0.048000
11155  7.098946  -36.906545  -0.048019
11156  7.090539  -36.912952  -0.048112
11157  7.132470  -36.844728  -0.047166
11158  7.127240  -36.848571  -0.047220
11159  7.122079  -36.852384  -0.047274
11160  7.116828  -36.856311  -0.047316
11161  7.106564  -36.863830  -0.047476
11162  7.101295  -36.867856  -0.047505
11163  7.096192  -36.871740  -0.047548
11164  7.111734  -36.849934  -0.047125
11165  7.091194  -36.864744  -0.047368
11166  7.134594  -36.801505  -0.048667
11167  7.129274  -36.804421  -0.048820
11168  7.124161  -36.807563  -0.048829
11169  7.118933  -36.810848  -0.048814
11170  7.113876  -36.813921  -0.048851
11171  7.108113  -36.817444  -0.048892
11172  7.092699  -36.827119  -0.048942
11173  7.134854  -36.747057  -0.048612
11174  7.129785  -36.749879  -0.048726
11175  7.124646  -36.753031  -0.048724
11176  7.119392  -36.756296  -0.048710
11177  7.114346  -36.759294  -0.048763
11178  7.105493  -36.764761  -0.048784
11179  7.100310  -36.768019  -0.048784
11180  7.095068  -36.771332  -0.048785
11181  7.090055  -36.774017  -0.048999
11182  7.134851  -36.688996  -0.047642
11183  7.129569  -36.692238  -0.047678
11184  7.118039  -36.699446  -0.047726
11185  7.113014  -36.702562  -0.047769
11186  7.107899  -36.705750  -0.047814
11187  7.102904  -36.708969  -0.047819
11188  7.097823  -36.712264  -0.047825
11189  7.092679  -36.715581  -0.047846
11190  7.125836  -36.663861  -0.047397
11191  7.135182  -36.632115  -0.047200
11192  7.130092  -36.635024  -0.047350
11193  7.121654  -36.640329  -0.047416
11194  7.116532  -36.643537  -0.047470
11195  7.111319  -36.646821  -0.047522
11196  7.106261  -36.650052  -0.047563
11197  7.101110  -36.653422  -0.047581
11198  7.096106  -36.656671  -0.047612
11199  7.091053  -36.660012  -0.047629
11200  7.125661  -36.615044  -0.047465
11201  7.134819  -36.587871  -0.047526
11202  7.129687  -36.591149  -0.047614
11203  7.120989  -36.597009  -0.047649
11204  7.115957  -36.600294  -0.047722
11205  7.110779  -36.603781  -0.047758
11206  7.105570  -36.607203  -0.047836
11207  7.100483  -36.610738  -0.047842
11208  7.095296  -36.614278  -0.047882
11209  7.090281  -36.617408  -0.048044
11210  7.125234  -36.572432  -0.048127
11211  7.135140  -36.542000  -0.048343
11212  7.130029  -36.545181  -0.048425
11213  7.120741  -36.551326  -0.048438
11214  7.115730  -36.554553  -0.048492
11215  7.110600  -36.557955  -0.048515
11216  7.105354  -36.561457  -0.048536
11217  7.100307  -36.564894  -0.048534
11218  7.095158  -36.568369  -0.048557
11219  7.090043  -36.571336  -0.048789
11220  7.125846  -36.521760  -0.048500
11221  7.134600  -36.488318  -0.048263
11222  7.129399  -36.491458  -0.048450
11223  7.121687  -36.496795  -0.048453
11224  7.116686  -36.500121  -0.048515
11225  7.111514  -36.503696  -0.048534
11226  7.106270  -36.507345  -0.048552
11227  7.101247  -36.510852  -0.048571
11228  7.096106  -36.514421  -0.048607
11229  7.090896  -36.518145  -0.048606
11230  7.134993  -36.438987  -0.047834
11231  7.130002  -36.442012  -0.047954
11232  7.124932  -36.445372  -0.047966
11233  7.119761  -36.448797  -0.047985
11234  7.114451  -36.452256  -0.048034
11235  7.109347  -36.455609  -0.048076
11236  7.104099  -36.459187  -0.048071
11237  7.098851  -36.462720  -0.048094
11238  7.093726  -36.466185  -0.048118
11239  7.134929  -36.398636  -0.046949
11240  7.129856  -36.401701  -0.047082
11241  7.124755  -36.405036  -0.047122
11242  7.119498  -36.408568  -0.047131
11243  7.114412  -36.411908  -0.047172
11244  7.109203  -36.415312  -0.047229
11245  7.104219  -36.418679  -0.047245
11246  7.099108  -36.422131  -0.047268
11247  7.093938  -36.425648  -0.047285
11248  7.089442  -36.407633  -0.048205
11249  7.134601  -36.350102  -0.047314
11250  7.129382  -36.353169  -0.047478
11251  7.122208  -36.357992  -0.047482
11252  7.116920  -36.361496  -0.047510
11253  7.110314  -36.365833  -0.047567
11254  7.105109  -36.369259  -0.047614
11255  7.100119  -36.372655  -0.047619
11256  7.094998  -36.376154  -0.047627
11257  7.090535  -36.358438  -0.048270
11258  7.134475  -36.301765  -0.048635
11259  7.129350  -36.305219  -0.048691
11260  7.120852  -36.311170  -0.048713
11261  7.115869  -36.314699  -0.048719
11262  7.107457  -36.320533  -0.048789
11263  7.102343  -36.324112  -0.048829
11264  7.097066  -36.327938  -0.048823
11271  7.100770  -36.262248  -0.048979
11273  7.134705  -36.200093  -0.048146
11274  7.126741  -36.205849  -0.048317
11275  7.119924  -36.211076  -0.048363
11276  7.114653  -36.215183  -0.048384
11277  7.109548  -36.219047  -0.048456
11278  7.104307  -36.223036  -0.048528
11279  7.098139  -36.227913  -0.048560
11280  7.092775  -36.232140  -0.048599
11281  7.130979  -36.172592  -0.046987
11282  7.123284  -36.178144  -0.047193
11283  7.134932  -36.145916  -0.046204
11284  7.118943  -36.158058  -0.046424
11285  7.113731  -36.162175  -0.046449
11286  7.108644  -36.166137  -0.046500
11287  7.103456  -36.170174  -0.046563
11288  7.098450  -36.174159  -0.046596
11289  7.093354  -36.178215  -0.046639
11290  7.130332  -36.126199  -0.046266
11291  7.125350  -36.130041  -0.046300
11292  7.121129  -36.106112  -0.046943
11293  7.115200  -36.110735  -0.046954
11294  7.110063  -36.114680  -0.046993
11295  7.105079  -36.118518  -0.047036
11296  7.100019  -36.122471  -0.047067
11297  7.094810  -36.126604  -0.047081
11298  7.089772  -36.129386  -0.047578
11299  7.134228  -36.065799  -0.047467
11300  7.128950  -36.070096  -0.047415
11301  7.125467  -36.041826  -0.048374
11302  7.116558  -36.048836  -0.048416
11303  7.111392  -36.052881  -0.048458
11304  7.106365  -36.056836  -0.048501
11305  7.101222  -36.060978  -0.048512
11306  7.096007  -36.065137  -0.048551
11307  7.090931  -36.069379  -0.048523
11308  7.134618  -35.998092  -0.048465
11309  7.128883  -36.002515  -0.048518
11310  7.108696  -36.018248  -0.048721
11311  7.103503  -36.022405  -0.048754
11312  7.098493  -36.026442  -0.048784
11313  7.093347  -36.030730  -0.048765
11314  7.132940  -35.960046  -0.048281
11315  7.126916  -35.964892  -0.048298
11316  7.117988  -35.972094  -0.048335
11317  7.112814  -35.976235  -0.048383
11318  7.106629  -35.981228  -0.048435
11319  7.101281  -35.985579  -0.048478
11320  7.096057  -35.989966  -0.048476
11321  7.090811  -35.994303  -0.048512
11322  7.134460  -35.920218  -0.047391
11323  7.129419  -35.923419  -0.047793
11324  7.124174  -35.927747  -0.047825
11325  7.119145  -35.931962  -0.047841
11326  7.113932  -35.936312  -0.047869
11327  7.108906  -35.940461  -0.047926
11328  7.103776  -35.944768  -0.047966
11329  7.098560  -35.949138  -0.048019
11330  7.093472  -35.953575  -0.048012
11331  7.132599  -35.882932  -0.047513
11332  7.126948  -35.887713  -0.047534
11333  7.121840  -35.892008  -0.047574
11334  7.116583  -35.896487  -0.047601
11335  7.111507  -35.900739  -0.047661
11336  7.101275  -35.909482  -0.047750
11337  7.096083  -35.914120  -0.047731
11338  7.090843  -35.918696  -0.047761
11339  7.123969  -35.855289  -0.047788
11340  7.118655  -35.859887  -0.047801
11341  7.106177  -35.870733  -0.047853
11342  7.134515  -35.815938  -0.047579
11343  7.129496  -35.819380  -0.047969
11344  7.115047  -35.831891  -0.048081
11345  7.102338  -35.843069  -0.048167
11346  7.097221  -35.847580  -0.048214
11347  7.092238  -35.852009  -0.048253
11348  7.125543  -35.794166  -0.046938
11349  7.120501  -35.798689  -0.046975
11350  7.111219  -35.806979  -0.047080
11351  7.106215  -35.811224  -0.047239
11352  7.134230  -35.758844  -0.046509
11353  7.129204  -35.762464  -0.046916
11354  7.116314  -35.774325  -0.046923
11355  7.102155  -35.787368  -0.046988
11356  7.097033  -35.792110  -0.047020
11357  7.091858  -35.796982  -0.047030
11358  7.124545  -35.744248  -0.047454
11359  7.111843  -35.755510  -0.047430
11360  7.106734  -35.759773  -0.047547
11361  7.134154  -35.709449  -0.047359
11362  7.129122  -35.712717  -0.047785
11363  7.120455  -35.720146  -0.047792
11364  7.115231  -35.724707  -0.047769
11365  7.102518  -35.735549  -0.047866
11366  7.097371  -35.740010  -0.047892
11367  7.092394  -35.744413  -0.047889
11368  7.124920  -35.687898  -0.048044
11369  7.111302  -35.699773  -0.048060
11370  7.106081  -35.704253  -0.048111
11371  7.134328  -35.647330  -0.048023
11372  7.129228  -35.651181  -0.048250
11373  7.121428  -35.657942  -0.048252
11374  7.116170  -35.662478  -0.048276
11375  7.102627  -35.674304  -0.048320
11376  7.097406  -35.678932  -0.048326
11377  7.092399  -35.683377  -0.048339
11378  7.125804  -35.615753  -0.048380
11379  7.119129  -35.621600  -0.048434
11380  7.113846  -35.626465  -0.048390
11381  7.108785  -35.630947  -0.048430
11382  7.100252  -35.638651  -0.048460
11383  7.094832  -35.643587  -0.048475
11384  7.089853  -35.647788  -0.048632
11385  7.134604  -35.572492  -0.048157
11386  7.129601  -35.576264  -0.048449
11387  7.123025  -35.582192  -0.048448
11388  7.116036  -35.588640  -0.048405
11389  7.110938  -35.593135  -0.048469
11390  7.097287  -35.605577  -0.048522
11391  7.131846  -35.537068  -0.048070
11392  7.126741  -35.541365  -0.048231
11393  7.120506  -35.547160  -0.048220
11394  7.113448  -35.553613  -0.048266
11395  7.108391  -35.558212  -0.048319
11396  7.103243  -35.562919  -0.048373
11397  7.094527  -35.571030  -0.048431
11398  7.134201  -35.500768  -0.047470
11399  7.128784  -35.504752  -0.047896
11400  7.123560  -35.509537  -0.047934
11401  7.117259  -35.515374  -0.047963
11402  7.099980  -35.531452  -0.048084
11403  7.090853  -35.540193  -0.048094
11404  7.112946  -35.491273  -0.047501
11405  7.107897  -35.495951  -0.047546
11406  7.095879  -35.507272  -0.047611
11407  7.131312  -35.453291  -0.046875
11408  7.126150  -35.457318  -0.047163
11409  7.120951  -35.462066  -0.047180
11410  7.103351  -35.478148  -0.047288
11411  7.091180  -35.489555  -0.047307
11412  7.116126  -35.448122  -0.047092
11413  7.111026  -35.452618  -0.047157
11414  7.098471  -35.464007  -0.047218
11415  7.133983  -35.416706  -0.047056
11416  7.105479  -35.441096  -0.047483
11417  7.093663  -35.451697  -0.047520
11418  7.129251  -35.403543  -0.047604
11419  7.124271  -35.407886  -0.047605
11420  7.119179  -35.412215  -0.047658
11421  7.114260  -35.398299  -0.047746
11422  7.109130  -35.402672  -0.047791
11423  7.102469  -35.408400  -0.047840
11424  7.097413  -35.412878  -0.047831
11425  7.090760  -35.418728  -0.047844
11426  7.133856  -35.364329  -0.047304
11427  7.126381  -35.369721  -0.047729
11428  7.121301  -35.374293  -0.047659
11429  7.094115  -35.381972  -0.047765
11430  7.130406  -35.335299  -0.047543
11431  7.117719  -35.345997  -0.047650
11432  7.112608  -35.350599  -0.047588
11433  7.106239  -35.356118  -0.047600
11434  7.101176  -35.360345  -0.047678
11435  7.125454  -35.321102  -0.047556
11436  7.090722  -35.351720  -0.047663
11437  7.120675  -35.306953  -0.047452
11438  7.109643  -35.316798  -0.047423
11439  7.103264  -35.322191  -0.047534
11440  7.098160  -35.326746  -0.047534
11441  7.134129  -35.282307  -0.046886
11442  7.129023  -35.285999  -0.047172
11443  7.115813  -35.297208  -0.047295
11444  7.093268  -35.316668  -0.047460
11445  7.125047  -35.260484  -0.047313
11446  7.119789  -35.264625  -0.047520
11447  7.111865  -35.271800  -0.047487
11448  7.106762  -35.276245  -0.047540
11449  7.101544  -35.280911  -0.047552
11450  7.096522  -35.285378  -0.047577
11451  7.091514  -35.273982  -0.047619
11452  7.130674  -35.221895  -0.046863
11453  7.116427  -35.233443  -0.047332
11454  7.125609  -35.205464  -0.047163
11455  7.111706  -35.217512  -0.047388
11456  7.106692  -35.221920  -0.047457
11457  7.101300  -35.226793  -0.047488
11458  7.096062  -35.231570  -0.047509
11459  7.089572  -35.236475  -0.047938
11460  7.120931  -35.189132  -0.047488
11461  7.134617  -35.151044  -0.047486
11462  7.126641  -35.158448  -0.047402
11463  7.112323  -35.170637  -0.047736
11464  7.107213  -35.175330  -0.047736
11465  7.101266  -35.180766  -0.047752
11466  7.096068  -35.185563  -0.047761
11467  7.091087  -35.190122  -0.047793
11468  7.123066  -35.128274  -0.047766
11469  7.117550  -35.133638  -0.047665
11470  7.134114  -35.083425  -0.047266
11471  7.125343  -35.091647  -0.047256
11472  7.114503  -35.100654  -0.047736
11473  7.109343  -35.105579  -0.047728
11474  7.101692  -35.112762  -0.047779
11475  7.096523  -35.117713  -0.047788
11476  7.091502  -35.122538  -0.047798
11477  7.121895  -35.060870  -0.047387
11478  7.116879  -35.065168  -0.047571
11479  7.105872  -35.075598  -0.047611
11480  7.124128  -35.024629  -0.047076
11481  7.113504  -35.033996  -0.047428
11482  7.108538  -35.038669  -0.047487
11483  7.102239  -35.044877  -0.047468
11484  7.097170  -35.049696  -0.047533
11485  7.091626  -35.055132  -0.047549
11486  7.120966  -34.992324  -0.047388
11487  7.105149  -35.007587  -0.047467
11488  7.134553  -34.945841  -0.047094
11489  7.127307  -34.953521  -0.046817
11490  7.113764  -34.965335  -0.047358
11491  7.108786  -34.970116  -0.047398
11492  7.101712  -34.977059  -0.047416
11493  7.096304  -34.982436  -0.047413
11494  7.091097  -34.987572  -0.047440
11495  7.124281  -34.920982  -0.047379
11496  7.119159  -34.926086  -0.047337
11497  7.105563  -34.939241  -0.047418
11498  7.128230  -34.883914  -0.047106
11499  7.115947  -34.894798  -0.047521
11500  7.110847  -34.899754  -0.047538
11501  7.102357  -34.907964  -0.047601
11502  7.097157  -34.913211  -0.047570
11503  7.092188  -34.918081  -0.047603
11504  7.125205  -34.851555  -0.047551
11505  7.119937  -34.856444  -0.047622
11506  7.107748  -34.868031  -0.047721
11507  7.128760  -34.814714  -0.047538
11508  7.116695  -34.825755  -0.047753
11509  7.104341  -34.837689  -0.047782
11510  7.099113  -34.842783  -0.047795
11511  7.094047  -34.847712  -0.047817
11512  7.125554  -34.783650  -0.047578
11513  7.120457  -34.788524  -0.047588
11514  7.111361  -34.797151  -0.047654
11515  7.090715  -34.817325  -0.047683
11516  7.130846  -34.749529  -0.046875
11517  7.116537  -34.761966  -0.047379
11518  7.107529  -34.770715  -0.047371
11519  7.102531  -34.775372  -0.047455
11520  7.097566  -34.780277  -0.047439
11521  7.126318  -34.729374  -0.047177
11522  7.121209  -34.734163  -0.047197
11523  7.111993  -34.742788  -0.047254
11524  7.093000  -34.760929  -0.047309
11525  7.116405  -34.721093  -0.047026
11526  7.107082  -34.729776  -0.047045
11527  7.102081  -34.734227  -0.047140
11528  7.097212  -34.724381  -0.047219
11529  7.089625  -34.730805  -0.047479
11530  7.128230  -34.681761  -0.046845
11531  7.123237  -34.685288  -0.047237
11532  7.112589  -34.694864  -0.047308
11533  7.118487  -34.671394  -0.047460
11534  7.107097  -34.681784  -0.047509
11535  7.101941  -34.686428  -0.047564
11536  7.093869  -34.693980  -0.047554
11537  7.125626  -34.646661  -0.047503
11538  7.120854  -34.633752  -0.047436
11539  7.115447  -34.638720  -0.047449
11540  7.110209  -34.643460  -0.047493
11541  7.103999  -34.649077  -0.047555
11542  7.098788  -34.654003  -0.047534
11543  7.090876  -34.661382  -0.047552
11544  7.128364  -34.612673  -0.046798
11545  7.094877  -34.628708  -0.047402
11546  7.124291  -34.589016  -0.047235
11547  7.119057  -34.593746  -0.047279
11548  7.113980  -34.598465  -0.047279
11549  7.108985  -34.603143  -0.047271
11550  7.103723  -34.607818  -0.047365
11551  7.089954  -34.620454  -0.047484
11552  7.098638  -34.600138  -0.047394
11553  7.128566  -34.560978  -0.047016
11554  7.121341  -34.556188  -0.047293
11555  7.115888  -34.561177  -0.047305
11556  7.110880  -34.565820  -0.047294
11557  7.105846  -34.570257  -0.047380
11558  7.094198  -34.580994  -0.047410
11559  7.100800  -34.562945  -0.047519
11560  7.126925  -34.522808  -0.047456
11561  7.090147  -34.556641  -0.047643
11562  7.122193  -34.509828  -0.047666
11563  7.117044  -34.514611  -0.047694
11564  7.111774  -34.519580  -0.047699
11565  7.106665  -34.524317  -0.047740
11566  7.097224  -34.533266  -0.047752
11567  7.134957  -34.480248  -0.047267
11568  7.101883  -34.511441  -0.047521
11569  7.127778  -34.468088  -0.046987
11570  7.119545  -34.475306  -0.047333
11571  7.114268  -34.480460  -0.047366
11572  7.109103  -34.485536  -0.047389
11573  7.094375  -34.500177  -0.047425
11574  7.132497  -34.444409  -0.047099
11575  7.104213  -34.472174  -0.047241
11576  7.099186  -34.477198  -0.047250
11577  7.089605  -34.485848  -0.047627
11578  7.125008  -34.433779  -0.047113
11579  7.116739  -34.441951  -0.047161
11580  7.111195  -34.447548  -0.047158
11581  7.095681  -34.447421  -0.047233
11582  7.134886  -34.391128  -0.046902
11583  7.121376  -34.404564  -0.047056
11584  7.107631  -34.418583  -0.047122
11585  7.102529  -34.423746  -0.047171
11586  7.090673  -34.436106  -0.047172
11587  7.127075  -34.383857  -0.046940
11588  7.116487  -34.394258  -0.047126
11589  7.111382  -34.385348  -0.047186
11590  7.098440  -34.398798  -0.047184
11591  7.134459  -34.348685  -0.046786
11592  7.122978  -34.360030  -0.046953
11593  7.106191  -34.377193  -0.047033
11594  7.093324  -34.390540  -0.047068
11595  7.118032  -34.351290  -0.047036
11596  7.130026  -34.328713  -0.047002
11597  7.112797  -34.346005  -0.047035
11598  7.101803  -34.356982  -0.047111
11599  7.096644  -34.352492  -0.047116
11600  7.090112  -34.358943  -0.047160
11601  7.134653  -34.306017  -0.046948
11602  7.125232  -34.314975  -0.046993
11603  7.107940  -34.331496  -0.047095
11604  7.119924  -34.308850  -0.046824
11605  7.130205  -34.284159  -0.047216
11606  7.115095  -34.298628  -0.047204
11607  7.103630  -34.309450  -0.047282
11608  7.098634  -34.314261  -0.047292
11609  7.093531  -34.319246  -0.047279
11610  7.125422  -34.271784  -0.047329
11611  7.110178  -34.286428  -0.047386
11612  7.134508  -34.245466  -0.047286
11613  7.120470  -34.258562  -0.047488
11614  7.090350  -34.288102  -0.047522
11615  7.128700  -34.234439  -0.047038
11616  7.115571  -34.246650  -0.047252
11617  7.107001  -34.254648  -0.047398
11618  7.101933  -34.259484  -0.047454
11619  7.096955  -34.264380  -0.047458
11620  7.123773  -34.222112  -0.047153
11621  7.134535  -34.196399  -0.046851
11622  7.118810  -34.211082  -0.047051
11623  7.112051  -34.217598  -0.047077
11624  7.093338  -34.235827  -0.047133
11625  7.128395  -34.190345  -0.046553
11626  7.107154  -34.209460  -0.047046
11627  7.101978  -34.214387  -0.047081
11628  7.124090  -34.169809  -0.047095
11629  7.115651  -34.178023  -0.047031
11630  7.097482  -34.195056  -0.047177
11631  7.090485  -34.201898  -0.047146
11632  7.134836  -34.145597  -0.047261
11633  7.110750  -34.168034  -0.047444
11634  7.103612  -34.174928  -0.047428
11635  7.128633  -34.134958  -0.047186
11636  7.120304  -34.142147  -0.047464
11637  7.132727  -34.108675  -0.047576
11638  7.115333  -34.125614  -0.047531
11639  7.108274  -34.132248  -0.047621
11640  7.128427  -34.087591  -0.047223
11641  7.123251  -34.092628  -0.047281
11642  7.103954  -34.111921  -0.047356
11643  7.098937  -34.117072  -0.047340
11644  7.093862  -34.122241  -0.047343
11645  7.134901  -34.058555  -0.046879
11646  7.118676  -34.074577  -0.047039
11647  7.113506  -34.079735  -0.047081
11648  7.108430  -34.084989  -0.047061
11649  7.130179  -34.042470  -0.046702
11650  7.124893  -34.047850  -0.046724
11651  7.103562  -34.069764  -0.046803
11652  7.098109  -34.075384  -0.046832
11653  7.093067  -34.080727  -0.046815
11654  7.120059  -34.034889  -0.046712
11655  7.115018  -34.040231  -0.046669
11656  7.110027  -34.045274  -0.046713
11657  7.132646  -34.003321  -0.046750
11658  7.127280  -34.008825  -0.046757
11659  7.105266  -34.031495  -0.046818
11660  7.100246  -34.036706  -0.046835
11661  7.095150  -34.042075  -0.046827
11662  7.090047  -34.047204  -0.046915
11663  7.122351  -33.994504  -0.046933
11664  7.117289  -33.999872  -0.046913
11665  7.112288  -34.004845  -0.047011
11666  7.134656  -33.957795  -0.047171
11667  7.129621  -33.963070  -0.047206
11668  7.107823  -33.986432  -0.047239
11669  7.102719  -33.991924  -0.047255
11670  7.097586  -33.997437  -0.047284
11671  7.092264  -34.003311  -0.047265
11672  7.125379  -33.940025  -0.047518
11673  7.120330  -33.945400  -0.047552
11674  7.115129  -33.950907  -0.047606
11675  7.133614  -33.900466  -0.047551
11676  7.128149  -33.906383  -0.047539
11677  7.111207  -33.924732  -0.047554
11678  7.105977  -33.930367  -0.047590
11679  7.100956  -33.935839  -0.047607
11680  7.095777  -33.941690  -0.047565
11681  7.090604  -33.947294  -0.047619
11682  7.124220  -33.880396  -0.047485
11683  7.119035  -33.886159  -0.047454
11684  7.134079  -33.841539  -0.046677
11685  7.128955  -33.846204  -0.047049
11686  7.114800  -33.862039  -0.047077
11687  7.109741  -33.867663  -0.047112
11688  7.104528  -33.873473  -0.047151
11689  7.099476  -33.879278  -0.047138
11690  7.094357  -33.885147  -0.047134
11691  7.124538  -33.825408  -0.046697
11692  7.119512  -33.830809  -0.046779
11693  7.090030  -33.864053  -0.046863
11694  7.133125  -33.794911  -0.046255
11695  7.114903  -33.814514  -0.046452
11696  7.109805  -33.820078  -0.046496
11697  7.104744  -33.825727  -0.046502
11698  7.099728  -33.831171  -0.046572
11699  7.094544  -33.837049  -0.046562
11700  7.128191  -33.782094  -0.046465
11701  7.121929  -33.789221  -0.046378
11702  7.117206  -33.776124  -0.046749
11703  7.111783  -33.782195  -0.046727
11704  7.106641  -33.787844  -0.046750
11705  7.101638  -33.793375  -0.046768
11706  7.096548  -33.799108  -0.046753
11707  7.091413  -33.804825  -0.046773
11708  7.129697  -33.741614  -0.047041
11709  7.124506  -33.747245  -0.047052
11710  7.134166  -33.717793  -0.046960
11711  7.119601  -33.732925  -0.047152
11712  7.114363  -33.738610  -0.047149
11713  7.109124  -33.744212  -0.047182
11714  7.103919  -33.749915  -0.047173
11715  7.098779  -33.755334  -0.047251
11716  7.093763  -33.760901  -0.047231
11717  7.129385  -33.700532  -0.047041
11718  7.124198  -33.706042  -0.047065
11719  7.119593  -33.686778  -0.046971
11720  7.114366  -33.692330  -0.046974
11721  7.109380  -33.697588  -0.046999
11722  7.103566  -33.703840  -0.046992
11723  7.098355  -33.709327  -0.047039
11724  7.093347  -33.714763  -0.047031
11725  7.127804  -33.655842  -0.046753
11726  7.123194  -33.637409  -0.047203
11727  7.117951  -33.642544  -0.047241
11728  7.111398  -33.649290  -0.047179
11729  7.106189  -33.654453  -0.047211
11730  7.101135  -33.659486  -0.047242
11731  7.095916  -33.664937  -0.047189
11732  7.090740  -33.670118  -0.047227
11733  7.131199  -33.602892  -0.046825
11734  7.134932  -33.568698  -0.046404
11735  7.127464  -33.575283  -0.046797
11736  7.122291  -33.580817  -0.046726
11737  7.117080  -33.586076  -0.046778
11738  7.112042  -33.591281  -0.046790
11739  7.106854  -33.596555  -0.046842
11740  7.101809  -33.601795  -0.046860
11741  7.096734  -33.607134  -0.046863
11742  7.091526  -33.612589  -0.046883
11743  7.134327  -33.525596  -0.046444
11744  7.124883  -33.534932  -0.046606
11745  7.119900  -33.539652  -0.046772
11746  7.114753  -33.545045  -0.046767
11747  7.109730  -33.550394  -0.046734
11748  7.104685  -33.555556  -0.046786
11749  7.099559  -33.560890  -0.046812
11750  7.094302  -33.566456  -0.046810
11751  7.089782  -33.548061  -0.047235
11752  7.134240  -33.472839  -0.046721
11753  7.126805  -33.480033  -0.047033
11754  7.121641  -33.485463  -0.047100
11755  7.116373  -33.491332  -0.047061
11756  7.111360  -33.496431  -0.047204
11757  7.106132  -33.502295  -0.047165
11758  7.100927  -33.508028  -0.047173
11759  7.095918  -33.513656  -0.047148
11760  7.091323  -33.495488  -0.047144
11761  7.131644  -33.437498  -0.046925
11762  7.124075  -33.445348  -0.046932
11763  7.118837  -33.450815  -0.046931
11764  7.113615  -33.456462  -0.046871
11765  7.108547  -33.461588  -0.046941
11766  7.103566  -33.466700  -0.046992
11767  7.098437  -33.472145  -0.046988
11768  7.132146  -33.396403  -0.046113
11769  7.127163  -33.400828  -0.046420
11770  7.122191  -33.406466  -0.046296
11771  7.116987  -33.411513  -0.046475
11772  7.111911  -33.416549  -0.046618
11773  7.106729  -33.422136  -0.046614
11774  7.101505  -33.427675  -0.046647
11775  7.096458  -33.433165  -0.046640
11776  7.091326  -33.438675  -0.046664
11777  7.131677  -33.352182  -0.046225
11778  7.126606  -33.356523  -0.046629
11779  7.121607  -33.361956  -0.046619
11780  7.116374  -33.367300  -0.046737
11781  7.111268  -33.373133  -0.046640
11782  7.106245  -33.378499  -0.046682
11783  7.101062  -33.384164  -0.046689
11784  7.096106  -33.389609  -0.046694
11785  7.091012  -33.395192  -0.046707
11786  7.125517  -33.300183  -0.047004
11787  7.120465  -33.304578  -0.047445
11788  7.114978  -33.310900  -0.047378
11789  7.109845  -33.316586  -0.047404
11790  7.104851  -33.322180  -0.047415
11791  7.099766  -33.327962  -0.047406
11792  7.094594  -33.333838  -0.047408
11793  7.131855  -33.254972  -0.047010
11794  7.117764  -33.269911  -0.047435
11795  7.112251  -33.276234  -0.047447
11796  7.107172  -33.282089  -0.047457
11797  7.101732  -33.288438  -0.047449
11798  7.127635  -33.219517  -0.046616
11799  7.122457  -33.224635  -0.046996
11800  7.115881  -33.232465  -0.047027
11801  7.110134  -33.239373  -0.047043
11802  7.104907  -33.245667  -0.047064
11803  7.099336  -33.252511  -0.047046
11804  7.094223  -33.258716  -0.047069
11805  7.124897  -33.183384  -0.046248
11806  7.119800  -33.188585  -0.046637
11807  7.113376  -33.196561  -0.046657
11808  7.107765  -33.203501  -0.046691
11809  7.102381  -33.210314  -0.046684
11810  7.096679  -33.217507  -0.046693
11811  7.091713  -33.223734  -0.046725
11812  7.116169  -33.159643  -0.046585
11813  7.098948  -33.180801  -0.046666
11814  7.121832  -33.122296  -0.046507
11815  7.105748  -33.142187  -0.046362
11816  7.094932  -33.154678  -0.046614
11817  7.089857  -33.160140  -0.046881
11818  7.127484  -33.086586  -0.045714
11819  7.117713  -33.097013  -0.046188
11820  7.108785  -33.107537  -0.046315
11821  7.101765  -33.116059  -0.046348
11822  7.113561  -33.073067  -0.046314
11823  7.095435  -33.094869  -0.046456
11824  7.090382  -33.100743  -0.046588
11825  7.123449  -33.039903  -0.046187
11826  7.118430  -33.027310  -0.046431
11827  7.112194  -33.034332  -0.046484
11828  7.106990  -33.040363  -0.046479
11829  7.102013  -33.046100  -0.046495
11830  7.095614  -33.053492  -0.046519
11831  7.090557  -33.059331  -0.046554
11832  7.128136  -32.999203  -0.046275
11833  7.122823  -32.984302  -0.047019
11834  7.116164  -32.991494  -0.047044
11835  7.110070  -32.998088  -0.047075
11836  7.104751  -33.003976  -0.047063
11837  7.099603  -33.009661  -0.047063
11838  7.093635  -33.016346  -0.047045
11839  7.128419  -32.959320  -0.046930
11840  7.120622  -32.947928  -0.046914
11841  7.114104  -32.954479  -0.046939
11842  7.108132  -32.960465  -0.046977
11843  7.102931  -32.965796  -0.046972
11844  7.097914  -32.970870  -0.047004
11845  7.092800  -32.976218  -0.046977
11846  7.125846  -32.924139  -0.046577
11847  7.118577  -32.910842  -0.046687
11848  7.112148  -32.917191  -0.046702
11849  7.106311  -32.922897  -0.046745
11850  7.101187  -32.928038  -0.046741
11851  7.095973  -32.933273  -0.046745
11852  7.090939  -32.938400  -0.046731
11853  7.128936  -32.881719  -0.046490
11854  7.123728  -32.885728  -0.046903
11855  7.116435  -32.874159  -0.047107
11856  7.110151  -32.880328  -0.047133
11857  7.104186  -32.886112  -0.047194
11858  7.099200  -32.891086  -0.047199
11859  7.093859  -32.896388  -0.047221
11860  7.126111  -32.848555  -0.046557
11861  7.121146  -32.836370  -0.046945
11862  7.112974  -32.844433  -0.046960
11863  7.106615  -32.850735  -0.046972
11864  7.090281  -32.867075  -0.046997
11865  7.129124  -32.809768  -0.047001
11866  7.101889  -32.834956  -0.047461
11867  7.096726  -32.840041  -0.047453
11868  7.124975  -32.786797  -0.047603
11869  7.119801  -32.791849  -0.047612
11870  7.114801  -32.796775  -0.047610
11871  7.109676  -32.801767  -0.047636
11872  7.092322  -32.819186  -0.047581
11873  7.128437  -32.754032  -0.047085
11874  7.105585  -32.776126  -0.047381
11875  7.100507  -32.781356  -0.047345
11876  7.095312  -32.786686  -0.047325
11877  7.124737  -32.727114  -0.046757
11878  7.119523  -32.732328  -0.046784
11879  7.114477  -32.737498  -0.046770
11880  7.109307  -32.742701  -0.046798
11881  7.091334  -32.761313  -0.046760
11882  7.131460  -32.698840  -0.046025
11883  7.104790  -32.725406  -0.046314
11884  7.099378  -32.731159  -0.046259
11885  7.126580  -32.688387  -0.046107
11886  7.121517  -32.693548  -0.046098
11887  7.116044  -32.699062  -0.046119
11888  7.111066  -32.704058  -0.046150
11889  7.094498  -32.720880  -0.046220
11890  7.089717  -32.707874  -0.046653
11891  7.123630  -32.655817  -0.046417
11892  7.118605  -32.660885  -0.046443
11893  7.107917  -32.671733  -0.046496
11894  7.100515  -32.679612  -0.046417
11895  7.128976  -32.635711  -0.046598
11896  7.095642  -32.668911  -0.046897
11897  7.090704  -32.658492  -0.047059
11898  7.118995  -32.609281  -0.047016
11899  7.113844  -32.614324  -0.047053
11900  7.108536  -32.620015  -0.046918
11901  7.099683  -32.628658  -0.047020
11902  7.134581  -32.568167  -0.046784
11903  7.104043  -32.598697  -0.046883
11904  7.094068  -32.608874  -0.046897
11905  7.126317  -32.551531  -0.046362
11906  7.121097  -32.556083  -0.046631
11907  7.115790  -32.562097  -0.046409
11908  7.110774  -32.566087  -0.046819
11909  7.099712  -32.577618  -0.046761
11910  7.134767  -32.521099  -0.046639
11911  7.106058  -32.549322  -0.046878
11912  7.094989  -32.560575  -0.046894
11913  7.130288  -32.499064  -0.046757
11914  7.125158  -32.504102  -0.046801
11915  7.120189  -32.509125  -0.046796
11916  7.115105  -32.514103  -0.046859
11917  7.109913  -32.519659  -0.046760
11918  7.101745  -32.527592  -0.046909
11919  7.090577  -32.538976  -0.046956
11920  7.134889  -32.466306  -0.046633
11921  7.105714  -32.495743  -0.046740
11922  7.097573  -32.503811  -0.046872
11923  7.131065  -32.439416  -0.046908
11924  7.125854  -32.444389  -0.047041
11925  7.120047  -32.450329  -0.047050
11926  7.115003  -32.455442  -0.047086
11927  7.101789  -32.469265  -0.047059
11928  7.093764  -32.477628  -0.047087
11929  7.134844  -32.403801  -0.047114
11930  7.109319  -32.430474  -0.047106
11931  7.098091  -32.441842  -0.047304
11932  7.131414  -32.373770  -0.047258
11933  7.126219  -32.378623  -0.047521
11934  7.121035  -32.384202  -0.047513
11935  7.114664  -32.391340  -0.047415
11936  7.105923  -32.400517  -0.047529
11937  7.100874  -32.406093  -0.047505
11938  7.094496  -32.413047  -0.047520
11939  7.134551  -32.330686  -0.047673
11940  7.128503  -32.337734  -0.047510
11941  7.122095  -32.344775  -0.047508
11942  7.117128  -32.349600  -0.047752
11943  7.111944  -32.355390  -0.047733
11944  7.103488  -32.364837  -0.047724
11945  7.098528  -32.370430  -0.047711
11946  7.091987  -32.377889  -0.047677
11947  7.132601  -32.293382  -0.047572
11948  7.126646  -32.300068  -0.047576
11949  7.120230  -32.307373  -0.047556
11950  7.114959  -32.313326  -0.047566
11951  7.109624  -32.319393  -0.047573
11952  7.101051  -32.329250  -0.047563
11953  7.095920  -32.335178  -0.047561
11954  7.089772  -32.341422  -0.047885
11955  7.105849  -32.292477  -0.047016
11956  7.134873  -32.232820  -0.046289
11957  7.128612  -32.240355  -0.046069
11958  7.123555  -32.245623  -0.046192
11959  7.118591  -32.250798  -0.046318
11960  7.113400  -32.256408  -0.046386
11961  7.101600  -32.269633  -0.046403
11962  7.096648  -32.275236  -0.046406
11963  7.091657  -32.280897  -0.046413
11964  7.109048  -32.236866  -0.045935
11965  7.127246  -32.201720  -0.045765
11966  7.121397  -32.208259  -0.045602
11967  7.116235  -32.213134  -0.045782
11968  7.104114  -32.225648  -0.045856
11969  7.099059  -32.231028  -0.045842
11970  7.093918  -32.236388  -0.045875
11971  7.134555  -32.184710  -0.045754
11972  7.111583  -32.198432  -0.046604
11973  7.130338  -32.166624  -0.047307
11974  7.123934  -32.172928  -0.047271
11975  7.118420  -32.178266  -0.047282
11976  7.106605  -32.189697  -0.047329
11977  7.101149  -32.195106  -0.047316
11978  7.091057  -32.205152  -0.047294
11979  7.096121  -32.186353  -0.047792
11980  7.114522  -32.152638  -0.047852
11981  7.133161  -32.114379  -0.047760
11982  7.127617  -32.120970  -0.047356
11983  7.122642  -32.124935  -0.047705
11984  7.109724  -32.137748  -0.047727
11985  7.104716  -32.142829  -0.047704
11986  7.099649  -32.147993  -0.047677
11987  7.092995  -32.154704  -0.047677
11988  7.118038  -32.107449  -0.047653
11989  7.134793  -32.068085  -0.047466
11990  7.129573  -32.073412  -0.047468
11991  7.124557  -32.078545  -0.047468
11992  7.113454  -32.089913  -0.047488
11993  7.107171  -32.097526  -0.047091
11994  7.102084  -32.101804  -0.047445
11995  7.097087  -32.107005  -0.047445
11996  7.092058  -32.112286  -0.047432
11997  7.119958  -32.058482  -0.047122
11998  7.133369  -32.021432  -0.046803
11999  7.128122  -32.027130  -0.046766
12000  7.115264  -32.040789  -0.046810
12001  7.110119  -32.046296  -0.046820
12002  7.105134  -32.051670  -0.046827
12003  7.100026  -32.057274  -0.046804
12004  7.094872  -32.062822  -0.046825
12005  7.089831  -32.067530  -0.047097
12006  7.123072  -32.016684  -0.046531
12007  7.129292  -31.985883  -0.046017
12008  7.118512  -31.996033  -0.046492
12009  7.113192  -32.001687  -0.046517
12010  7.108040  -32.007266  -0.046509
12011  7.102823  -32.012943  -0.046499
12012  7.097810  -32.018273  -0.046534
12013  7.092695  -32.023833  -0.046534
12014  7.105389  -31.972281  -0.046780
12015  7.100307  -31.976466  -0.047115
12016  7.095109  -31.981679  -0.047138
12017  7.090113  -31.986356  -0.047278
12018  7.133897  -31.637691  -0.046738
12019  7.123738  -31.648363  -0.046729
12020  7.118496  -31.653848  -0.046741
12021  7.113380  -31.659171  -0.046767
12022  7.108165  -31.664626  -0.046791
12023  7.101562  -31.671681  -0.046784
12024  7.092344  -31.665533  -0.046797
12025  7.130033  -31.610508  -0.046796
12026  7.097778  -31.644488  -0.046873
12027  7.134757  -31.591351  -0.046837
12028  7.125120  -31.601031  -0.046944
12029  7.120134  -31.606200  -0.046955
12030  7.115020  -31.611465  -0.046985
12031  7.109776  -31.616866  -0.047020
12032  7.104761  -31.622131  -0.047024
12033  7.093860  -31.617961  -0.047044
12034  7.131066  -31.563388  -0.047004
12035  7.101098  -31.594213  -0.047084
12036  7.126202  -31.550625  -0.047058
12037  7.121175  -31.555733  -0.047072
12038  7.116040  -31.560948  -0.047092
12039  7.111041  -31.566012  -0.047120
12040  7.105971  -31.571219  -0.047133
12041  7.096295  -31.581345  -0.047110
12042  7.090507  -31.587182  -0.047181
12043  7.135134  -31.520933  -0.046852
12044  7.130655  -31.503090  -0.046976
12045  7.125467  -31.508474  -0.046961
12046  7.120201  -31.513857  -0.046981
12047  7.115104  -31.519068  -0.047008
12048  7.109879  -31.524406  -0.047042
12049  7.104859  -31.529680  -0.047031
12050  7.099735  -31.535045  -0.047034
12051  7.094521  -31.540569  -0.047023
12052  7.089865  -31.523696  -0.047309
12053  7.134521  -31.460005  -0.046788
12054  7.128852  -31.465359  -0.046908
12055  7.122874  -31.471257  -0.046960
12056  7.117683  -31.476532  -0.046958
12057  7.112642  -31.481601  -0.046982
12058  7.107524  -31.486776  -0.047001
12059  7.102331  -31.492147  -0.046989
12060  7.096812  -31.497778  -0.047009
12061  7.091879  -31.485044  -0.046962
12062  7.134158  -31.417363  -0.046595
12063  7.129058  -31.421585  -0.046840
12064  7.123999  -31.426435  -0.046863
12065  7.118807  -31.431493  -0.046865
12066  7.113774  -31.436328  -0.046897
12067  7.108673  -31.441176  -0.046952
12068  7.103472  -31.446353  -0.046935
12069  7.098438  -31.451274  -0.046953
12070  7.079526  -31.417938  -0.046964
12071  7.104583  -31.185842  -0.046926
12072  7.099476  -31.189234  -0.047086
12073  7.094437  -31.193185  -0.047036
12074  7.116037  -31.165932  -0.046871
12075  7.110925  -31.169537  -0.046989
12076  7.130710  -31.145596  -0.046826
12077  7.125475  -31.149231  -0.046957
12078  7.120370  -31.142310  -0.047020
12079  7.090812  -31.165227  -0.047051
12080  7.135089  -31.120130  -0.046879
12081  7.107356  -31.141148  -0.047072
12082  7.102147  -31.145195  -0.047086
12083  7.097071  -31.149289  -0.047052
12084  7.115660  -31.123872  -0.047005
12085  7.130421  -31.102166  -0.047014
12086  7.125282  -31.106101  -0.047012
12087  7.120334  -31.100302  -0.046941
12088  7.110823  -31.107400  -0.046981
12089  7.091418  -31.122137  -0.047015
12090  7.105304  -31.103912  -0.046901
12091  7.100130  -31.107843  -0.046888
12092  7.134792  -31.071641  -0.046838
12093  7.115917  -31.079542  -0.047067
12094  7.095311  -31.094438  -0.047111
12095  7.128863  -31.063654  -0.047108
12096  7.123767  -31.067325  -0.047090
12097  7.111116  -31.063179  -0.047195
12098  7.102682  -31.069177  -0.047212
12099  7.090668  -31.077883  -0.047197
12100  7.134406  -31.030208  -0.046801
12101  7.119974  -31.039317  -0.047161
12102  7.097901  -31.054845  -0.047199
12103  7.129298  -31.021606  -0.047127
12104  7.114657  -31.032839  -0.046859
12105  7.107027  -31.037440  -0.047165
12106  7.093385  -31.036449  -0.047117
12107  7.124619  -31.003260  -0.046981
12108  7.102446  -31.018856  -0.047055
12109  7.134941  -30.988105  -0.046876
12110  7.119415  -30.998749  -0.046985
12111  7.110884  -31.004691  -0.047024
12112  7.097476  -31.008099  -0.046941
12113  7.129718  -30.979728  -0.046788
12114  7.089987  -31.006807  -0.047079
12115  7.114848  -30.979266  -0.046899
12116  7.105640  -30.985410  -0.046954
12117  7.122688  -30.965922  -0.047090
12118  7.100831  -30.974446  -0.047168
12119  7.093952  -30.979067  -0.047152
12120  7.134928  -30.947273  -0.046923
12121  7.110212  -30.962787  -0.047149
12122  7.129893  -30.939027  -0.047074
12123  7.118197  -30.946536  -0.047101
12124  7.105674  -30.945013  -0.047182
12125  7.089927  -30.954607  -0.047350
12126  7.124949  -30.927387  -0.047110
12127  7.097358  -30.944936  -0.047101
12128  7.113521  -30.929460  -0.047082
12129  7.093167  -30.922377  -0.047052
12130  7.135205  -31.272440  -0.047013
12131  7.130127  -31.272602  -0.047135
12132  7.125065  -31.272742  -0.047144
12133  7.119912  -31.272881  -0.047131
12134  7.114882  -31.273017  -0.047153
12135  7.109803  -31.273156  -0.047149
12136  7.104658  -31.273299  -0.047157
12137  7.099652  -31.273435  -0.047139
12138  7.094611  -31.273570  -0.047126
12139  7.089626  -31.270286  -0.047257
12140  7.097285  -31.237694  -0.046967
12141  7.107291  -31.237808  -0.047164
12142  7.092241  -31.234698  -0.047153
12143  7.133002  -31.235607  -0.047117
12144  7.127757  -31.234575  -0.047118
12145  7.122683  -31.233574  -0.047101
12146  7.117551  -31.232567  -0.047130
12147  7.112487  -31.231568  -0.047124
12148  7.102222  -31.229559  -0.047173
12149  7.135393  -31.199471  -0.047000
12150  7.130313  -31.198205  -0.047046
12151  7.125084  -31.196898  -0.047040
12152  7.120052  -31.195643  -0.047042
12153  7.101814  -30.918949  -0.047146
