20000  7.132816  -43.815936  0.049899
20001  7.127618  -43.809220  0.049849
20002  7.122381  -43.802494  0.049830
20003  7.115860  -43.794129  0.049823
20004  7.088759  -43.759127  0.049747
20005  7.110756  -43.791681  0.049828
20006  7.105756  -43.785163  0.049796
20007  7.100342  -43.778138  0.049783
20008  7.095340  -43.771608  0.049757
20009  7.118743  -43.831661  0.050024
20010  7.124355  -43.841035  0.050147
20012  7.119889  -43.765775  0.049801
20013  7.131870  -43.776104  0.049917
20014  7.126475  -43.769545  0.049896
20015  7.114371  -43.754692  0.049785
20016  7.109264  -43.748462  0.049771
20017  7.103207  -43.741047  0.049743
20018  7.098128  -43.734842  0.049728
20019  7.093003  -43.728581  0.049719
20020  7.088523  -43.709840  0.049883
20021  7.130416  -43.737509  0.049849
20022  7.124745  -43.730684  0.049818
20023  7.119545  -43.724444  0.049801
20024  7.112766  -43.716240  0.049748
20025  7.107155  -43.709471  0.049724
20026  7.101434  -43.702617  0.049729
20027  7.096428  -43.696601  0.049728
20028  7.092474  -43.670869  0.049729
20029  7.117258  -43.688237  0.049817
20030  7.104848  -43.672753  0.049738
20031  7.133760  -43.701571  0.049789
20032  7.128718  -43.695506  0.049825
20033  7.123730  -43.689370  0.049783
20034  7.112222  -43.675258  0.049735
20035  7.099935  -43.660214  0.049714
20036  7.088410  -43.646564  0.049987
20037  7.095685  -43.637184  0.049786
20038  7.120621  -43.657534  0.049934
20039  7.108879  -43.643152  0.049861
20040  7.115816  -43.645095  0.049951
20041  7.103833  -43.630496  0.049858
20042  7.133407  -43.661091  0.049703
20043  7.128238  -43.655138  0.049831
20044  7.091811  -43.611273  0.049761
20045  7.099718  -43.607070  0.049728
20046  7.124868  -43.625367  0.049891
20047  7.113070  -43.611001  0.049814
20048  7.088337  -43.581378  0.050011
20049  7.120139  -43.611137  0.049868
20050  7.108151  -43.596660  0.049812
20051  7.095719  -43.581665  0.049785
20052  7.133513  -43.619306  0.049665
20053  7.103694  -43.577300  0.049795
20054  7.092834  -43.548215  0.049840
20055  7.133317  -43.335207  0.049595
20056  7.128070  -43.329613  0.049958
20057  7.123093  -43.323711  0.049947
20058  7.117932  -43.317569  0.049931
20059  7.112917  -43.311588  0.049908
20060  7.107852  -43.305508  0.049861
20061  7.103388  -43.286191  0.049814
20062  7.131790  -43.296496  0.050094
20063  7.126572  -43.290421  0.050058
20064  7.121566  -43.284609  0.050037
20065  7.116471  -43.278762  0.050059
20066  7.090562  -43.241831  0.049655
20067  7.101279  -43.233220  0.049662
20068  7.096110  -43.227207  0.049746
20069  7.089117  -43.203166  0.049825
20070  7.107787  -43.219510  0.049517
20071  7.114758  -43.209188  0.049534
20072  7.103508  -43.196365  0.049811
20073  7.098421  -43.190313  0.049792
20074  7.093532  -43.176077  0.049746
20075  7.121166  -43.202298  0.049568
20076  7.088939  -43.158946  0.049872
20077  7.126708  -43.199369  0.049684
20078  7.111115  -43.180547  0.049954
20079  7.132992  -43.193378  0.049808
20080  7.117394  -43.174603  0.050132
20081  7.106612  -43.161131  0.050082
20082  7.101493  -43.154691  0.050035
20083  7.096514  -43.142544  0.050078
20084  7.124078  -43.164633  0.050056
20085  7.092013  -43.124775  0.049906
20086  7.129792  -43.162509  0.050157
20087  7.114021  -43.143100  0.050082
20088  7.104892  -43.122966  0.049948
20089  7.120105  -43.139491  0.050068
20090  7.099915  -43.111357  0.049895
20091  7.088998  -43.092474  0.049927
20092  7.110589  -43.112311  0.050022
20093  7.095303  -43.092714  0.049906
20094  7.126909  -43.128939  0.049906
20095  7.133372  -43.132769  0.049724
20096  7.117068  -43.105876  0.050107
20097  7.106691  -43.085094  0.049925
20098  7.123306  -43.099258  0.050115
20099  7.101776  -43.071230  0.050005
20100  7.092303  -43.058853  0.049950
20101  7.130348  -43.099613  0.050063
20102  7.113413  -43.077396  0.049994
20103  7.097398  -43.051719  0.049993
20104  7.120063  -43.067707  0.050119
20105  7.126814  -43.069864  0.050045
20106  7.109765  -43.047934  0.049975
20107  7.104956  -43.035091  0.050006
20108  7.133627  -43.065909  0.049860
20109  7.116473  -43.038376  0.050005
20110  7.100295  -43.017497  0.049940
20111  7.123991  -43.035041  0.050103
20112  7.130223  -43.036597  0.050220
20113  7.112939  -43.008814  0.050111
20114  7.107971  -42.997446  0.050010
20115  7.120324  -43.006850  0.050121
20116  7.127194  -43.003871  0.050133
20117  7.133233  -43.001413  0.049881
20118  7.117312  -42.974278  0.050251
20119  7.123673  -42.973285  0.050222
20120  7.130189  -42.968953  0.050241
20121  7.088270  -42.909245  0.050402
20122  7.102561  -42.710564  0.049914
20123  7.097500  -42.705101  0.050034
20124  7.092502  -42.699511  0.050043
20125  7.108431  -42.701332  0.050077
20126  7.088339  -42.676200  0.050289
20127  7.100852  -42.672549  0.050170
20128  7.095819  -42.666343  0.050160
20129  7.113335  -42.684476  0.050120
20130  7.106068  -42.665705  0.050102
20131  7.091857  -42.640252  0.050071
20132  7.120638  -42.668098  0.050126
20133  7.110901  -42.648648  0.050184
20134  7.099264  -42.633984  0.050133
20135  7.125948  -42.661977  0.050246
20136  7.116093  -42.649508  0.050175
20137  7.104321  -42.627513  0.050187
20138  7.132868  -42.662148  0.050174
20139  7.096299  -42.600742  0.050058
20140  7.091155  -42.594029  0.050020
20141  7.122946  -42.628569  0.050257
20142  7.109022  -42.610444  0.050189
20143  7.129762  -42.629390  0.050368
20144  7.114938  -42.610169  0.050305
20145  7.101705  -42.593005  0.050269
20146  7.119998  -42.595493  0.050316
20147  7.127418  -42.593644  0.050255
20148  7.112452  -42.574977  0.050191
20149  7.107407  -42.568643  0.050151
20150  7.099099  -42.558279  0.050131
20151  7.094073  -42.551967  0.050093
20152  7.089023  -42.545685  0.050096
20153  7.133057  -42.592976  0.050270
20154  7.117273  -42.560300  0.050264
20155  7.124362  -42.560691  0.050394
20156  7.104331  -42.535958  0.050273
20157  7.130708  -42.556516  0.050368
20158  7.113209  -42.535153  0.050269
20159  7.098923  -42.517681  0.050206
20160  7.093837  -42.511458  0.050190
20161  7.088639  -42.505280  0.050292
20162  7.120709  -42.530921  0.050336
20163  7.109012  -42.511925  0.050242
20164  7.127320  -42.526326  0.050327
20165  7.104434  -42.493373  0.050228
20166  7.116695  -42.505630  0.050252
20167  7.097285  -42.478813  0.050257
20168  7.092182  -42.472442  0.050260
20169  7.088840  -43.027033  0.050216
20170  7.094087  -43.017682  0.050334
20171  7.090157  -42.987929  0.050304
20172  7.097266  -42.985494  0.050400
20173  7.102720  -42.981607  0.050430
20174  7.111305  -42.966965  0.050502
20175  7.092059  -42.950577  0.050157
20176  7.097046  -42.944686  0.050268
20177  7.105710  -42.948593  0.050357
20178  7.114580  -42.935066  0.050648
20179  7.119700  -42.937282  0.050703
20180  7.126644  -42.940302  0.050733
20181  7.101016  -42.919716  0.050529
20182  7.109636  -42.923410  0.050587
20183  7.132499  -42.933194  0.050739
20184  7.093437  -42.906832  0.050361
20185  7.105478  -42.899424  0.050414
20186  7.123190  -42.907142  0.050522
20187  7.113262  -42.894693  0.050493
20188  7.128214  -42.901037  0.050557
20189  7.097397  -42.882198  0.050493
20190  7.118382  -42.891202  0.050663
20191  7.133189  -42.893129  0.050591
20192  7.088659  -42.866420  0.050553
20193  7.102061  -42.864355  0.050405
20194  7.108543  -42.867126  0.050417
20195  7.093403  -42.852567  0.050450
20196  7.122260  -42.864498  0.050664
20197  7.115118  -42.856930  0.050652
20198  7.127317  -42.856869  0.050630
20199  7.097964  -42.833693  0.050365
20200  7.132476  -42.848426  0.050579
20201  7.088674  -42.822697  0.050568
20202  7.104669  -42.829374  0.050567
20203  7.111034  -42.832025  0.050582
20204  7.118712  -42.828068  0.050696
20205  7.093624  -42.811262  0.050441
20206  7.123732  -42.823513  0.050626
20207  7.128973  -42.818678  0.050734
20208  7.100918  -42.800790  0.050563
20209  7.107574  -42.795663  0.050505
20210  7.113851  -42.798231  0.050529
20211  7.088606  -42.779134  0.050544
20212  7.095079  -42.772417  0.050343
20213  7.118628  -42.781664  0.050508
20214  7.124769  -42.784082  0.050516
20215  7.132276  -42.787029  0.050564
20216  7.103481  -42.766156  0.050411
20217  7.109964  -42.759743  0.050550
20218  7.091217  -42.744292  0.050558
20219  7.099036  -42.747341  0.050587
20220  7.114703  -42.745221  0.050671
20221  7.121582  -42.747921  0.050739
20222  7.127619  -42.750303  0.050764
20223  7.132686  -42.743022  0.050718
20224  7.128953  -42.694108  0.050575
20225  7.131482  -42.502450  0.050458
20226  7.110803  -42.474420  0.051077
20227  7.118275  -42.467883  0.051136
20228  7.123329  -42.470018  0.051173
20229  7.088483  -42.444994  0.050970
20230  7.101046  -42.452287  0.050905
20231  7.106136  -42.455233  0.050919
20232  7.128439  -42.468072  0.051062
20233  7.094471  -42.436571  0.050491
20234  7.113578  -42.440500  0.050447
20235  7.133057  -42.451497  0.050331
20236  7.109098  -42.422530  0.050483
20237  7.118571  -42.427528  0.050573
20238  7.124194  -42.430507  0.050602
20239  7.088272  -42.404454  0.051009
20240  7.098249  -42.409905  0.050435
20241  7.103479  -42.412661  0.050454
20242  7.128964  -42.418436  0.050847
20243  7.093191  -42.391088  0.050714
20244  7.112636  -42.393707  0.050955
20245  7.107092  -42.383280  0.050858
20246  7.120554  -42.390209  0.050928
20247  7.099978  -42.371696  0.050915
20248  7.125728  -42.385436  0.051065
20249  7.088331  -42.357887  0.051009
20250  7.130982  -42.381141  0.050949
20251  7.116432  -42.366167  0.050786
20252  7.093297  -42.346088  0.050439
20253  7.110823  -42.355467  0.050535
20254  7.103433  -42.342185  0.050682
20255  7.122499  -42.352529  0.050810
20256  7.098067  -42.329392  0.050782
20257  7.127473  -42.345630  0.050993
20258  7.088437  -42.314407  0.051038
20259  7.107445  -42.317979  0.050766
20260  7.113637  -42.321454  0.050796
20261  7.118658  -42.324267  0.050820
20262  7.093348  -42.303919  0.050449
20263  7.101943  -42.302594  0.050491
20264  7.124283  -42.314611  0.050651
20265  7.097569  -42.281999  0.050825
20266  7.088347  -42.270223  0.051069
20267  7.109969  -42.282332  0.050914
20268  7.116049  -42.285705  0.050918
20269  7.127975  -42.287421  0.050825
20270  7.105053  -42.271049  0.050715
20271  7.121175  -42.280115  0.050809
20272  7.093233  -42.258508  0.050671
20273  7.100558  -42.249034  0.050458
20274  7.113357  -42.251784  0.050730
20275  7.088571  -42.226632  0.051049
20276  7.108271  -42.238713  0.050923
20277  7.118372  -42.244853  0.050957
20278  7.124521  -42.248586  0.050971
20279  7.095741  -42.222844  0.050599
20280  7.103067  -42.213489  0.050643
20281  7.112071  -42.210711  0.050884
20282  7.128157  -42.219740  0.050967
20283  7.121604  -42.213922  0.051194
20284  7.091625  -42.194388  0.051106
20285  7.098102  -42.186583  0.050939
20286  7.107395  -42.192168  0.051002
20287  7.116982  -42.197917  0.051080
20288  7.132412  -42.197519  0.050670
20289  7.088302  -42.163101  0.051098
20290  7.102929  -42.172018  0.050742
20291  7.125268  -42.185283  0.050857
20292  7.093795  -42.157528  0.050711
20293  7.111533  -42.168365  0.050827
20294  7.120623  -42.169494  0.051149
20295  7.098542  -42.143649  0.050899
20296  7.106319  -42.140835  0.050892
20297  7.115819  -42.147542  0.050938
20298  7.128814  -42.156688  0.051017
20299  7.088565  -42.119848  0.051037
20300  7.093532  -42.114578  0.050701
20301  7.111042  -42.126591  0.050820
20302  7.123414  -42.135076  0.050886
20303  7.101648  -42.111199  0.050698
20304  7.132905  -42.132065  0.050945
20305  7.118634  -42.113232  0.050662
20306  7.106412  -42.097923  0.050547
20307  7.127463  -42.111388  0.050706
20308  7.088278  -42.079095  0.051058
20309  7.097145  -42.085039  0.050659
20310  7.112568  -42.088075  0.051060
20311  7.122706  -42.089294  0.051126
20312  7.101854  -42.069050  0.050990
20313  7.131692  -42.088340  0.051206
20314  7.092455  -42.056574  0.051028
20315  7.117229  -42.072670  0.051188
20316  7.108593  -42.061356  0.051119
20317  7.127276  -42.069335  0.051035
20318  7.088331  -42.033583  0.051113
20319  7.097143  -42.039898  0.050714
20320  7.104254  -42.033001  0.050798
20321  7.112963  -42.038771  0.050842
20322  7.120771  -42.043899  0.050929
20323  7.092754  -42.012216  0.050723
20324  7.130234  -42.036131  0.050901
20325  7.099718  -42.004878  0.050816
20326  7.108452  -42.010296  0.050890
20327  7.117115  -42.015695  0.050920
20328  7.125119  -42.020682  0.050942
20329  7.088457  -41.988207  0.051089
20330  7.104233  -41.987171  0.050726
20331  7.112994  -41.992654  0.050763
20332  7.093101  -41.971488  0.050612
20333  7.120990  -41.988615  0.050778
20334  7.128944  -41.993477  0.050848
20335  7.098150  -41.961367  0.050748
20336  7.108684  -41.967617  0.050829
20337  7.088274  -41.942695  0.051389
20338  7.115920  -41.959103  0.051051
20339  7.125127  -41.964426  0.051106
20340  7.133074  -41.969124  0.051016
20341  7.102736  -41.942818  0.050957
20342  7.093032  -41.928415  0.050877
20343  7.120737  -41.944675  0.051080
20344  7.111650  -41.934206  0.050977
20345  7.098175  -41.920047  0.050875
20346  7.128939  -41.937864  0.051044
20347  7.106631  -41.916930  0.050966
20348  7.088122  -41.898888  0.051409
20349  7.116067  -41.915022  0.050974
20350  7.124401  -41.916018  0.050846
20351  7.094350  -41.889259  0.050763
20352  7.102138  -41.893569  0.050850
20353  7.110606  -41.891458  0.051172
20354  7.131659  -41.903011  0.051316
20355  7.120102  -41.891094  0.051157
20356  7.088238  -41.856630  0.051372
20357  7.098353  -41.862906  0.050917
20358  7.106073  -41.867343  0.050975
20359  7.115020  -41.872509  0.051018
20360  7.126587  -41.879162  0.051092
20361  7.093049  -41.844456  0.050996
20362  7.110659  -41.847547  0.050940
20363  7.122257  -41.854370  0.051017
20364  7.131221  -41.859851  0.050829
20365  7.102316  -41.836649  0.050746
20366  7.116982  -41.835336  0.051172
20367  7.088466  -41.811650  0.051381
20368  7.096802  -41.816817  0.051224
20369  7.126808  -41.834705  0.051417
20370  7.106619  -41.814416  0.051108
20371  7.111569  -41.806619  0.050995
20372  7.121218  -41.812221  0.051062
20373  7.131560  -41.818363  0.050972
20374  7.092038  -41.782603  0.050774
20375  7.100299  -41.787159  0.050837
20376  7.115806  -41.782404  0.050896
20377  7.125361  -41.787450  0.050925
20378  7.096365  -41.760972  0.050840
20379  7.104597  -41.765116  0.050960
20380  7.109726  -41.767691  0.051043
20381  7.130494  -41.778300  0.051164
20382  7.088330  -41.745151  0.051286
20383  7.120260  -41.761258  0.051124
20384  7.092817  -41.726522  0.050818
20385  7.099789  -41.730039  0.050861
20386  7.112913  -41.736528  0.051082
20387  7.124837  -41.742600  0.051104
20388  7.133799  -41.747242  0.051039
20389  7.104776  -41.718380  0.051200
20390  7.117926  -41.724888  0.051308
20391  7.088407  -41.696992  0.051406
20392  7.128992  -41.716984  0.051399
20393  7.095516  -41.691990  0.051149
20394  7.109185  -41.698711  0.051251
20395  7.122378  -41.705162  0.051372
20396  7.100516  -41.687982  0.051123
20397  7.114356  -41.694903  0.051209
20398  7.133651  -41.701167  0.050930
20399  7.091676  -41.665704  0.050768
20400  7.105350  -41.672663  0.050827
20401  7.118373  -41.670066  0.050957
20402  7.125716  -41.673750  0.050965
20403  7.096396  -41.650476  0.050970
20404  7.110033  -41.657269  0.051097
20405  7.130743  -41.667636  0.051235
20406  7.101348  -41.643326  0.051125
20407  7.088279  -41.626329  0.051344
20408  7.114552  -41.638925  0.050945
20409  7.122070  -41.642325  0.051008
20410  7.106015  -41.626603  0.050638
20411  7.127452  -41.635894  0.050777
20412  7.093137  -41.613335  0.050791
20413  7.132824  -41.630451  0.051157
20414  7.098327  -41.608943  0.051099
20415  7.110763  -41.609560  0.050996
20416  7.116976  -41.603352  0.050996
20417  7.088367  -41.580087  0.051430
20418  7.102577  -41.586546  0.051130
20419  7.121987  -41.594731  0.051282
20420  7.129186  -41.597804  0.051302
20421  7.094654  -41.574517  0.050999
20422  7.107588  -41.574586  0.050880
20423  7.112601  -41.571788  0.050994
20424  7.133831  -41.580853  0.051079
20425  7.098897  -41.552949  0.051088
20426  7.117507  -41.560574  0.051203
20427  7.125729  -41.563955  0.051238
20428  7.090563  -41.543785  0.050897
20429  7.103940  -41.542881  0.051100
20430  7.130588  -41.547315  0.051192
20431  7.095116  -41.524996  0.050870
20432  7.108876  -41.530649  0.050976
20433  7.121533  -41.535883  0.051039
20434  7.114040  -41.526528  0.050964
20435  7.088151  -41.506809  0.051537
20436  7.099879  -41.512442  0.051079
20437  7.126476  -41.523768  0.051241
20438  7.104758  -41.499981  0.051173
20439  7.133283  -41.512827  0.051102
20440  7.092487  -41.486079  0.051081
20441  7.117564  -41.497080  0.051206
20442  7.109459  -41.484346  0.051153
20443  7.122705  -41.490051  0.051257
20444  7.088375  -41.462408  0.051400
20445  7.096922  -41.466603  0.050942
20446  7.127669  -41.479416  0.051122
20447  7.101714  -41.453386  0.050857
20448  7.113389  -41.458033  0.050905
20449  7.132551  -41.465548  0.051083
20450  7.091794  -41.432377  0.050804
20451  7.106475  -41.437683  0.050931
20452  7.118165  -41.441930  0.051020
20453  7.123210  -41.443748  0.051071
20454  7.096618  -41.418202  0.050941
20455  7.127987  -41.428677  0.051218
20456  7.088358  -41.401841  0.051391
20457  7.101420  -41.406577  0.050988
20458  7.110175  -41.409322  0.051053
20459  7.132822  -41.416611  0.051097
20460  7.115346  -41.401246  0.051150
20461  7.120490  -41.402855  0.051206
20462  7.093031  -41.387016  0.050967
20463  7.105445  -41.380991  0.051035
20464  7.125157  -41.387555  0.051158
20465  7.097462  -41.365666  0.051044
20466  7.111407  -41.370246  0.051155
20467  7.130089  -41.376441  0.051275
20468  7.088244  -41.349591  0.051740
20469  7.116285  -41.359757  0.051459
20470  7.093157  -41.339881  0.051437
20471  7.101765  -41.342846  0.051500
20472  7.121417  -41.349642  0.051637
20473  7.106806  -41.333182  0.051359
20474  7.126523  -41.340106  0.051449
20475  7.132744  -41.342244  0.051514
20476  7.097668  -41.319204  0.051032
20477  7.111795  -41.324071  0.051162
20478  7.088336  -41.303688  0.051471
20479  7.116778  -41.314349  0.051125
20480  7.093255  -41.290562  0.051050
20481  7.101674  -41.293410  0.051124
20482  7.121461  -41.300142  0.051290
20483  7.128406  -41.302569  0.051312
20484  7.106235  -41.275060  0.051152
20485  7.111452  -41.276721  0.051210
20486  7.132830  -41.283683  0.051365
20487  7.088526  -41.247601  0.051253
20488  7.093745  -41.249666  0.050956
20489  7.098791  -41.251261  0.050959
20490  7.115834  -41.256514  0.051092
20491  7.121033  -41.258104  0.051152
20492  7.126125  -41.259726  0.051164
20493  7.103226  -41.230670  0.050918
20494  7.108334  -41.232209  0.050960
20495  7.130657  -41.239421  0.050815
20496  7.088381  -41.202888  0.051435
20497  7.093398  -41.204988  0.050980
20498  7.098435  -41.206435  0.050995
20499  7.112574  -41.210440  0.051106
20500  7.117689  -41.211929  0.051121
20501  7.122686  -41.213304  0.051199
20502  7.103055  -41.188140  0.050965
20503  7.108159  -41.189465  0.051008
20504  7.127151  -41.194509  0.051094
20505  7.090099  -41.164851  0.050841
20506  7.095298  -41.166356  0.050875
20507  7.114217  -41.171849  0.050997
20508  7.119409  -41.173312  0.051071
20509  7.131347  -41.170339  0.051453
20510  7.100058  -41.153576  0.051946
20511  7.124209  -41.161399  0.052102
20512  7.104997  -41.143659  0.051928
20513  7.110210  -41.145386  0.051966
20514  7.092665  -41.129793  0.051550
20515  7.116920  -41.137617  0.051726
20516  7.127324  -41.130253  0.051472
20517  7.133173  -41.132244  0.051404
20518  7.088196  -41.107264  0.051573
20519  7.097112  -41.110932  0.050956
20520  7.121497  -41.118360  0.051126
20521  7.102145  -41.104452  0.050896
20522  7.107240  -41.106041  0.050906
20523  7.112280  -41.107578  0.050936
20524  7.092340  -41.084296  0.051027
20525  7.116961  -41.092115  0.051204
20526  7.130030  -41.096312  0.051262
20527  7.124704  -41.087125  0.051241
20528  7.097125  -41.069571  0.051190
20529  7.088467  -41.055141  0.051588
20530  7.102067  -41.059678  0.051344
20531  7.107216  -41.061245  0.051357
20532  7.112283  -41.062751  0.051396
20533  7.118189  -41.052755  0.051328
20534  7.127933  -41.055568  0.051380
20535  7.132928  -41.057374  0.051152
20536  7.092733  -41.033772  0.051051
20537  7.123160  -41.042093  0.051316
20538  7.097743  -41.022570  0.051071
20539  7.104603  -41.024357  0.051131
20540  7.109834  -41.025755  0.051153
20541  7.088348  -41.005697  0.051534
20542  7.114825  -41.013012  0.051282
20543  7.129263  -41.016718  0.051361
20544  7.094003  -40.994658  0.051172
20545  7.119765  -41.001279  0.051345
20546  7.099306  -40.984122  0.051210
20547  7.106257  -40.986024  0.051234
20548  7.124821  -40.991079  0.051347
20549  7.090178  -40.968090  0.051234
20550  7.111086  -40.973850  0.051331
20551  7.131325  -40.979669  0.051298
20552  7.095608  -40.956170  0.051271
20553  7.115905  -40.961800  0.051412
20554  7.100416  -40.943952  0.051301
20555  7.105531  -40.945426  0.051310
20556  7.120878  -40.949774  0.051409
20557  7.126084  -40.951283  0.051425
20558  7.088516  -40.925975  0.051522
20559  7.110527  -40.932666  0.051393
20560  7.131476  -40.938750  0.051498
20561  7.093439  -40.912739  0.051059
20562  7.115359  -40.918917  0.051163
20563  7.098185  -40.898871  0.050973
20564  7.103278  -40.900240  0.050992
20565  7.120350  -40.904812  0.051088
20566  7.125596  -40.906206  0.051132
20567  7.088324  -40.881603  0.051436
20568  7.108248  -40.887490  0.050956
20569  7.130624  -40.893192  0.051052
20570  7.093373  -40.870895  0.051000
20571  7.113095  -40.875687  0.051152
20572  7.099499  -40.859922  0.051260
20573  7.117969  -40.864304  0.051391
20574  7.123173  -40.865558  0.051421
20575  7.104449  -40.850161  0.051469
20576  7.128230  -40.855791  0.051589
20577  7.088650  -40.835765  0.051578
20578  7.109597  -40.840914  0.051546
20579  7.133227  -40.846859  0.051453
20580  7.093547  -40.825736  0.051276
20581  7.114532  -40.830491  0.051439
20582  7.098227  -40.811294  0.051215
20583  7.119264  -40.815641  0.051313
20584  7.124541  -40.816710  0.051354
20585  7.088557  -40.790457  0.051268
20586  7.102929  -40.793580  0.050936
20587  7.107948  -40.794458  0.050966
20588  7.129054  -40.798223  0.051085
20589  7.093215  -40.772825  0.050823
20590  7.112401  -40.775814  0.050992
20591  7.117416  -40.776583  0.051051
20592  7.122624  -40.777419  0.051091
20593  7.133614  -40.779429  0.051019
20594  7.097746  -40.754228  0.051328
20595  7.104577  -40.755090  0.051432
20596  7.127053  -40.758312  0.051561
20597  7.088368  -40.735259  0.051918
20598  7.109152  -40.738672  0.051683
20599  7.114647  -40.739409  0.051734
20600  7.119693  -40.740131  0.051760
20601  7.131611  -40.741883  0.051797
20602  7.093252  -40.720301  0.051495
20603  7.100888  -40.721376  0.051553
20604  7.105532  -40.704667  0.051474
20605  7.122815  -40.707010  0.051602
20606  7.128085  -40.707800  0.051595
20607  7.088378  -40.684713  0.051669
20608  7.096028  -40.686289  0.051308
20609  7.110211  -40.688069  0.051388
20610  7.115411  -40.688710  0.051432
20611  7.132809  -40.690989  0.051514
20612  7.100659  -40.670571  0.051262
20613  7.120065  -40.672898  0.051400
20614  7.091753  -40.654896  0.051081
20615  7.105538  -40.656494  0.051164
20616  7.124916  -40.658851  0.051245
20617  7.096568  -40.643166  0.051196
20618  7.110573  -40.644896  0.051313
20619  7.115758  -40.645581  0.051334
20620  7.129967  -40.647436  0.051416
20621  7.088184  -40.623297  0.051883
20622  7.101155  -40.626352  0.051334
20623  7.120370  -40.629474  0.051456
20624  7.092924  -40.609895  0.051402
20625  7.106122  -40.612155  0.051506
20626  7.125096  -40.615561  0.051577
20627  7.112231  -40.606757  0.051535
20628  7.132089  -40.610535  0.051613
20629  7.097335  -40.590218  0.051406
20630  7.117222  -40.594288  0.051513
20631  7.088225  -40.580247  0.051793
20632  7.102524  -40.583937  0.051308
20633  7.122035  -40.580827  0.051177
20634  7.128067  -40.582052  0.051193
20635  7.092994  -40.566162  0.051041
20636  7.107203  -40.568796  0.051144
20637  7.112325  -40.561132  0.051457
20638  7.097669  -40.547847  0.051581
20639  7.117334  -40.551641  0.051700
20640  7.088488  -40.532358  0.051975
20641  7.102434  -40.535202  0.051813
20642  7.122135  -40.538779  0.051895
20643  7.127227  -40.539704  0.051920
20644  7.093338  -40.521670  0.051590
20645  7.107282  -40.523944  0.051660
20646  7.112358  -40.514592  0.051543
20647  7.131435  -40.517545  0.051630
20648  7.098123  -40.505283  0.051256
20649  7.117320  -40.508188  0.051362
20650  7.123906  -40.500586  0.051530
20651  7.088376  -40.482886  0.051820
20652  7.102609  -40.485531  0.051421
20653  7.093157  -40.468750  0.051245
20654  7.107423  -40.470419  0.051372
20655  7.112678  -40.471022  0.051437
20656  7.119611  -40.471910  0.051457
20657  7.127553  -40.472849  0.051542
20658  7.097772  -40.449502  0.051146
20659  7.088424  -40.425856  0.051621
20660  7.093546  -40.427134  0.051048
20661  7.102147  -40.427761  0.051107
20662  7.107158  -40.428141  0.051138
20663  7.112345  -40.428554  0.051164
20664  7.117417  -40.428920  0.051217
20665  7.122638  -40.429366  0.051227
20666  7.127698  -40.429780  0.051254
20667  7.097937  -40.405624  0.051208
20668  7.132046  -40.407745  0.051429
20669  7.088308  -40.384696  0.051892
20670  7.093462  -40.385698  0.051391
20671  7.102547  -40.386102  0.051429
20672  7.107569  -40.386350  0.051440
20673  7.112751  -40.386542  0.051500
20674  7.117816  -40.386765  0.051539
20675  7.123048  -40.387015  0.051570
20676  7.127864  -40.371849  0.051686
20677  7.097300  -40.358092  0.051734
20678  7.090735  -40.348421  0.051840
20679  7.104643  -40.349060  0.051872
20680  7.109737  -40.349241  0.051927
20681  7.114996  -40.349495  0.051940
20682  7.120120  -40.349750  0.051950
20683  7.124926  -40.334955  0.051729
20684  7.130106  -40.335159  0.051767
20685  7.100248  -40.324452  0.051356
20686  7.088490  -40.309912  0.051725
20687  7.093495  -40.310784  0.051205
20688  7.106373  -40.311050  0.051297
20689  7.111570  -40.311206  0.051306
20690  7.116651  -40.311330  0.051338
20691  7.121334  -40.293850  0.051499
20692  7.126411  -40.293838  0.051531
20693  7.096065  -40.276050  0.051350
20694  7.101184  -40.275961  0.051342
20695  7.109091  -40.275742  0.051393
20696  7.131015  -40.275279  0.051473
20698  7.114003  -40.259871  0.051489
20699  7.091801  -40.239441  0.051771
20700  7.098148  -40.239327  0.051789
20701  7.103351  -40.239211  0.051822
20702  7.118520  -40.238979  0.051857
20703  7.123566  -40.238865  0.051901
20704  7.128770  -40.238751  0.051945
20705  7.108395  -40.230776  0.051784
20706  7.113306  -40.219612  0.051715
20707  7.133234  -40.219555  0.051707
20708  7.088523  -40.205816  0.051750
20709  7.094782  -40.206188  0.051398
20710  7.099688  -40.198214  0.051421
20711  7.104723  -40.198022  0.051463
20712  7.117717  -40.197539  0.051569
20713  7.123043  -40.197362  0.051605
20714  7.128168  -40.197233  0.051609
20715  7.109689  -40.187907  0.051722
20716  7.132760  -40.176543  0.051915
20717  7.091158  -40.170671  0.051724
20718  7.096194  -40.162305  0.051727
20719  7.101895  -40.161897  0.051775
20720  7.113695  -40.161107  0.051835
20721  7.119775  -40.160697  0.051875
20722  7.125135  -40.160369  0.051889
20723  7.107055  -40.152686  0.051745
20724  7.129531  -40.139703  0.052011
20725  7.088358  -40.131837  0.052208
20726  7.093189  -40.122225  0.051547
20727  7.098246  -40.121750  0.051588
20728  7.103532  -40.121299  0.051607
20729  7.110139  -40.120768  0.051609
20730  7.115209  -40.120289  0.051664
20731  7.120458  -40.119872  0.051666
20732  7.133881  -40.119072  0.051510
20733  7.125315  -40.107957  0.051678
20734  7.088540  -40.081173  0.052042
20735  7.093571  -40.080999  0.051712
20736  7.098652  -40.080270  0.051764
20737  7.103675  -40.079600  0.051785
20738  7.108848  -40.078914  0.051808
20739  7.113905  -40.078210  0.051860
20740  7.119108  -40.077527  0.051884
20741  7.128426  -40.076287  0.051951
20742  7.133520  -40.075909  0.051783
20743  7.123170  -40.052394  0.051745
20744  7.130984  -40.041212  0.051963
20745  7.088480  -40.035320  0.052073
20746  7.093692  -40.035093  0.051721
20747  7.098799  -40.034289  0.051780
20748  7.104058  -40.033521  0.051798
20749  7.109231  -40.032745  0.051834
20750  7.114293  -40.031989  0.051871
20751  7.119339  -40.021379  0.051798
20752  7.126343  -40.020311  0.051829
20753  7.133092  -40.004316  0.052142
20754  7.090123  -39.996699  0.051694
20755  7.095140  -39.995989  0.051726
20756  7.100299  -39.995228  0.051784
20757  7.105363  -39.994548  0.051797
20758  7.110575  -39.993833  0.051823
20759  7.115672  -39.993123  0.051858
20760  7.121416  -39.983912  0.051880
20761  7.128230  -39.982977  0.051930
20762  7.132490  -39.957932  0.052013
20763  7.088637  -39.953000  0.052003
20764  7.093878  -39.952430  0.051841
20765  7.099008  -39.951560  0.051897
20766  7.104009  -39.950794  0.051899
20767  7.109199  -39.949964  0.051929
20768  7.114263  -39.949159  0.051959
20769  7.123640  -39.947653  0.052035
20770  7.118684  -39.926994  0.051947
20771  7.127976  -39.925600  0.051974
20772  7.133075  -39.913846  0.052058
20773  7.088493  -39.909187  0.052062
20774  7.093540  -39.908826  0.051740
20775  7.098684  -39.907873  0.051809
20776  7.103718  -39.907032  0.051818
20777  7.108923  -39.906140  0.051851
20778  7.114009  -39.905257  0.051892
20779  7.123038  -39.903752  0.051929
20780  7.118142  -39.882401  0.052077
20781  7.127413  -39.880861  0.052089
20782  7.132326  -39.869880  0.052007
20783  7.088424  -39.867368  0.052163
20784  7.093610  -39.867087  0.051737
20785  7.098743  -39.866101  0.051795
20786  7.103816  -39.865187  0.051816
20787  7.109048  -39.864225  0.051853
20788  7.122576  -39.861791  0.051932
20789  7.114067  -39.853866  0.051813
20790  7.118376  -39.832665  0.051994
20791  7.126082  -39.831266  0.052025
20792  7.131387  -39.830329  0.052031
20793  7.089338  -39.827569  0.051943
20794  7.094358  -39.826634  0.051935
20795  7.099567  -39.825550  0.052006
20796  7.104657  -39.824582  0.052018
20797  7.109912  -39.823605  0.052023
20798  7.114584  -39.805937  0.051969
20799  7.122158  -39.804455  0.052006
20800  7.128685  -39.795924  0.052049
20801  7.088382  -39.786036  0.052292
20802  7.093637  -39.785584  0.051907
20803  7.098813  -39.784512  0.051958
20804  7.103916  -39.783504  0.051979
20805  7.109174  -39.782461  0.052013
20806  7.133354  -39.777878  0.052053
20807  7.117168  -39.770486  0.052035
20808  7.124541  -39.769054  0.052074
20809  7.090906  -39.750015  0.051998
20810  7.096008  -39.748923  0.052037
20811  7.101039  -39.747831  0.052092
20812  7.106214  -39.746756  0.052120
20813  7.111289  -39.745686  0.052162
20814  7.128444  -39.742197  0.052252
20815  7.118609  -39.731925  0.052156
20816  7.123367  -39.717609  0.052195
20817  7.132485  -39.715749  0.052257
20818  7.088321  -39.709899  0.052460
20819  7.093299  -39.709788  0.051841
20820  7.098506  -39.708660  0.051891
20821  7.103628  -39.707588  0.051915
20822  7.108909  -39.706514  0.051922
20823  7.114065  -39.705405  0.051976
20824  7.118648  -39.688109  0.051942
20825  7.126781  -39.686367  0.051980
20826  7.131303  -39.669076  0.052182
20827  7.088395  -39.663439  0.052393
20828  7.093387  -39.662884  0.051969
20829  7.098581  -39.661580  0.052018
20830  7.103706  -39.660347  0.052035
20831  7.108720  -39.659129  0.052065
20832  7.113844  -39.657890  0.052095
20833  7.121786  -39.655975  0.052149
20834  7.126733  -39.642282  0.052160
20835  7.132744  -39.630126  0.052300
20836  7.116480  -39.623550  0.052474
20837  7.088348  -39.621369  0.052453
20838  7.093337  -39.620769  0.052040
20839  7.098473  -39.619534  0.052038
20840  7.103594  -39.618289  0.052048
20841  7.108604  -39.617033  0.052090
20842  7.121606  -39.613902  0.052129
20843  7.128652  -39.604859  0.051852
20844  7.111486  -39.584106  0.052277
20845  7.116707  -39.582633  0.052302
20846  7.132526  -39.578202  0.052389
20847  7.088355  -39.579804  0.052533
20848  7.093438  -39.578872  0.052205
20849  7.098687  -39.577308  0.052273
20850  7.103746  -39.575921  0.052263
20851  7.121767  -39.570831  0.052362
20852  7.126779  -39.559817  0.052372
20853  7.107961  -39.552001  0.052256
20854  7.090810  -39.543965  0.052169
20855  7.095930  -39.542448  0.052186
20856  7.100982  -39.540889  0.052246
20857  7.112737  -39.537475  0.052261
20858  7.117760  -39.535920  0.052337
20859  7.130568  -39.532232  0.052370
20860  7.122698  -39.520882  0.052220
20861  7.105059  -39.515102  0.052054
20862  7.109867  -39.503733  0.052203
20863  7.127141  -39.498594  0.052343
20864  7.088451  -39.497556  0.052601
20865  7.093628  -39.496511  0.052293
20866  7.098907  -39.494869  0.052372
20867  7.114587  -39.490294  0.052436
20868  7.119687  -39.488791  0.052477
20869  7.132073  -39.485223  0.052542
20870  7.102132  -39.463172  0.052159
20871  7.107410  -39.461507  0.052183
20872  7.122744  -39.456711  0.052262
20873  7.128038  -39.455114  0.052260
20874  7.088298  -39.449150  0.052568
20875  7.093321  -39.448387  0.051953
20876  7.111840  -39.442095  0.052073
20877  7.117098  -39.440367  0.052083
20878  7.098114  -39.431307  0.052078
20879  7.130646  -39.420133  0.052321
20880  7.102978  -39.416750  0.052242
20881  7.108030  -39.415003  0.052297
20882  7.120822  -39.410736  0.052356
20883  7.089456  -39.409901  0.052110
20884  7.113020  -39.402208  0.052268
20885  7.125612  -39.398182  0.052339
20886  7.094127  -39.395386  0.052268
20887  7.098740  -39.379467  0.052327
20888  7.104234  -39.377608  0.052333
20889  7.116776  -39.373306  0.052410
20890  7.129360  -39.369089  0.052449
20891  7.088341  -39.369029  0.052513
20892  7.108892  -39.362523  0.052118
20893  7.121475  -39.358205  0.052150
20894  7.094704  -39.355167  0.051995
20895  7.100158  -39.340507  0.052267
20896  7.112735  -39.336156  0.052335
20897  7.125292  -39.331952  0.052341
20898  7.090049  -39.330996  0.052383
20899  7.105055  -39.325736  0.052460
20900  7.117521  -39.321319  0.052594
20901  7.096156  -39.315970  0.052252
20902  7.129051  -39.304633  0.052273
20903  7.109144  -39.300543  0.052235
20904  7.121635  -39.296008  0.052348
20905  7.100596  -39.295014  0.052235
20906  7.114229  -39.289946  0.052330
20907  7.088547  -39.291305  0.052509
20908  7.093532  -39.280750  0.052295
20909  7.125472  -39.269075  0.052502
20910  7.104214  -39.266780  0.052332
20911  7.117877  -39.261725  0.052408
20912  7.097860  -39.258063  0.052345
20913  7.109101  -39.253906  0.052385
20914  7.088281  -39.248758  0.052951
20915  7.121928  -39.237368  0.052487
20916  7.128336  -39.235091  0.052496
20917  7.093020  -39.233653  0.052575
20918  7.101619  -39.230396  0.052658
20919  7.112863  -39.226193  0.052743
20920  7.106380  -39.212292  0.052952
20921  7.117366  -39.208022  0.053030
20922  7.088212  -39.203878  0.053114
20923  7.096199  -39.201703  0.052398
20924  7.121924  -39.191239  0.052478
20925  7.127058  -39.189132  0.052526
20926  7.100835  -39.185407  0.052013
20927  7.109779  -39.181621  0.052029
20928  7.091334  -39.173559  0.051863
20929  7.114296  -39.163235  0.051985
20930  7.096067  -39.155822  0.052309
20931  7.103836  -39.152223  0.052301
20932  7.118805  -39.145173  0.052400
20933  7.124086  -39.142743  0.052405
20934  7.108586  -39.138673  0.052486
20935  7.128843  -39.128834  0.052601
20936  7.088391  -39.139814  0.052864
20937  7.113205  -39.122126  0.052819
20938  7.099116  -39.122702  0.052459
20939  7.092975  -39.120159  0.052103
20940  7.120500  -39.107234  0.052283
20941  7.103901  -39.106889  0.052455
20942  7.125541  -39.096815  0.052573
20943  7.108841  -39.094958  0.052766
20944  7.088601  -39.095381  0.052915
20945  7.114718  -39.083562  0.052868
20946  7.095558  -39.084594  0.052630
20947  7.100419  -39.074019  0.052275
20948  7.119269  -39.065114  0.052343
20949  7.128107  -39.060909  0.052416
20950  7.105247  -39.062402  0.052137
20951  7.090703  -39.059009  0.052296
20952  7.110175  -39.049334  0.052434
20953  7.115139  -39.037266  0.052681
20954  7.122645  -39.033558  0.052717
20955  7.095085  -39.038270  0.052437
20956  7.100080  -39.026253  0.052468
20957  7.127235  -39.012709  0.052594
20958  7.088366  -39.021268  0.053005
20959  7.104935  -39.013537  0.052596
20960  7.111421  -39.010153  0.052690
20961  7.118443  -39.006618  0.052712
20962  7.092783  -39.000550  0.052409
20963  7.122978  -38.984746  0.052544
20964  7.097766  -38.988421  0.052347
20965  7.127744  -38.972485  0.052523
20966  7.102737  -38.976376  0.052532
20967  7.107845  -38.973601  0.052562
20968  7.112931  -38.970771  0.052642
20969  7.088241  -38.976715  0.053122
20970  7.117930  -38.961577  0.052692
20971  7.092723  -38.957587  0.052617
20972  7.122435  -38.941997  0.052778
20973  7.097504  -38.941190  0.052802
20974  7.104096  -38.937570  0.052889
20975  7.109500  -38.934765  0.052864
20976  7.126989  -38.925455  0.052969
20977  7.088297  -38.931800  0.053106
20978  7.114213  -38.918644  0.052614
20979  7.119095  -38.903761  0.052599
20980  7.091970  -38.904386  0.052525
20981  7.098228  -38.900919  0.052581
20982  7.104819  -38.897273  0.052648
20983  7.110024  -38.894476  0.052651
20984  7.123765  -38.887059  0.052712
20985  7.114789  -38.877286  0.052765
20986  7.088234  -38.878064  0.053185
20987  7.119512  -38.861558  0.052525
20988  7.127313  -38.857232  0.052523
20989  7.093356  -38.865590  0.052310
20990  7.099638  -38.862029  0.052293
20991  7.106360  -38.858025  0.052410
20992  7.111213  -38.847157  0.052445
20993  7.123269  -38.833356  0.052818
20994  7.115858  -38.830707  0.052773
20995  7.088274  -38.833446  0.053132
20996  7.095979  -38.830145  0.052480
20997  7.102127  -38.826710  0.052504
20998  7.107036  -38.812033  0.052702
20999  7.111627  -38.796000  0.052841
21000  7.117776  -38.792455  0.052856
21001  7.122784  -38.789548  0.052888
21002  7.090664  -38.797031  0.052656
21003  7.098104  -38.792509  0.052714
21004  7.103044  -38.782086  0.052427
21005  7.107793  -38.769519  0.052896
21006  7.114234  -38.761300  0.052928
21007  7.119230  -38.753772  0.052798
21008  7.124266  -38.750989  0.052774
21009  7.093196  -38.761531  0.052530
21010  7.098075  -38.750102  0.052655
21011  7.088446  -38.746470  0.053063
21012  7.102986  -38.738493  0.052774
21013  7.110506  -38.734057  0.052851
21014  7.115420  -38.721873  0.052815
21015  7.092400  -38.721444  0.052673
21016  7.120025  -38.704903  0.052850
21017  7.096955  -38.702284  0.052573
21018  7.103502  -38.698243  0.052603
21019  7.108762  -38.694992  0.052638
21020  7.088449  -38.691648  0.053057
21021  7.113409  -38.676380  0.052881
21022  7.122740  -38.670556  0.052928
21023  7.092378  -38.665739  0.052808
21024  7.097850  -38.662304  0.052803
21025  7.104162  -38.658221  0.052886
21026  7.117200  -38.650022  0.052930
21027  7.109119  -38.646676  0.052711
21028  7.121831  -38.630716  0.052807
21029  7.088464  -38.640310  0.053011
21030  7.100683  -38.628478  0.052836
21031  7.113219  -38.620650  0.052913
21032  7.093779  -38.626404  0.052832
21033  7.105485  -38.611933  0.052752
21034  7.117786  -38.604179  0.052822
21035  7.123880  -38.593122  0.053035
21036  7.089192  -38.600305  0.052839
21037  7.097226  -38.595209  0.052867
21038  7.109456  -38.587410  0.052955
21039  7.101956  -38.577110  0.052669
21040  7.113940  -38.569366  0.052729
21041  7.119550  -38.565796  0.052728
21042  7.092108  -38.566723  0.052784
21043  7.097116  -38.553534  0.052984
21044  7.105609  -38.547933  0.053066
21045  7.110444  -38.537418  0.052933
21046  7.116388  -38.533557  0.052978
21047  7.121845  -38.529979  0.053047
21048  7.088486  -38.535498  0.053056
21049  7.101115  -38.527667  0.052813
21050  7.093448  -38.526143  0.052722
21051  7.105222  -38.503525  0.052965
21052  7.112142  -38.499045  0.052955
21053  7.118104  -38.495140  0.052977
21054  7.097270  -38.499343  0.052894
21055  7.122470  -38.475210  0.052804
21056  7.088430  -38.494647  0.052966
21057  7.101174  -38.472641  0.052870
21058  7.107734  -38.468219  0.052923
21059  7.114557  -38.463685  0.052943
21060  7.127068  -38.531373  0.053054
21061  7.132041  -38.527562  0.052781
21062  7.127713  -38.480065  0.052860
21063  7.131958  -38.456435  0.052610
21064  7.092805  -38.472197  0.052314
21065  7.125473  -38.442705  0.052548
21066  7.117861  -38.432850  0.052759
21067  7.095935  -38.440370  0.052951
21068  7.102735  -38.433965  0.053003
21069  7.108729  -38.428308  0.053078
21070  7.128486  -38.409941  0.053162
21071  7.088903  -38.431546  0.053047
21072  7.113373  -38.409142  0.053100
21073  7.121275  -38.401928  0.053146
21074  7.133484  -38.399723  0.052736
21075  7.098498  -38.404315  0.052962
21076  7.092300  -38.401862  0.052795
21077  7.103587  -38.394217  0.052860
21078  7.108670  -38.383254  0.052740
21079  7.116686  -38.377890  0.052804
21080  7.124975  -38.372493  0.052758
21081  7.130278  -38.368889  0.052874
21082  7.095527  -38.369918  0.052943
21083  7.088548  -38.371388  0.053023
21084  7.112388  -38.356161  0.052800
21085  7.120635  -38.350722  0.052909
21086  7.100438  -38.356683  0.052818
21087  7.105490  -38.347647  0.052805
21088  7.126382  -38.333812  0.052729
21089  7.116322  -38.330089  0.053254
21090  7.091834  -38.339580  0.052822
21091  7.130861  -38.314655  0.052887
21092  7.109501  -38.321181  0.052815
21093  7.096473  -38.322621  0.052896
21094  7.120436  -38.306756  0.053149
21095  7.101303  -38.310720  0.053141
21096  7.125268  -38.284113  0.053380
21097  7.088848  -38.295417  0.053142
21098  7.105351  -38.284510  0.053086
21099  7.110572  -38.281075  0.053079
21100  7.115631  -38.277711  0.053108
21101  7.093671  -38.279293  0.052749
21102  7.098769  -38.275794  0.052787
21103  7.120333  -38.261183  0.052850
21104  7.128862  -38.255533  0.052807
21105  7.088915  -38.250613  0.053218
21106  7.101594  -38.241932  0.053185
21107  7.106674  -38.238395  0.053239
21108  7.111672  -38.234970  0.053254
21109  7.116762  -38.231471  0.053285
21110  7.122994  -38.227244  0.053284
21111  7.093540  -38.233600  0.053129
21112  7.129093  -38.208766  0.053466
21113  7.088572  -38.205198  0.053279
21114  7.096415  -38.199961  0.052924
21115  7.101577  -38.196188  0.052982
21116  7.106642  -38.192523  0.053020
21117  7.111894  -38.188748  0.053042
21118  7.116962  -38.185118  0.053066
21119  7.121969  -38.181524  0.053105
21120  7.132023  -38.174375  0.053150
21121  7.126619  -38.162545  0.053078
21122  7.091974  -38.174323  0.053026
21123  7.096812  -38.158879  0.053080
21124  7.101985  -38.155103  0.053144
21125  7.107042  -38.151465  0.053171
21126  7.112290  -38.147714  0.053185
21127  7.117394  -38.144045  0.053229
21128  7.122389  -38.140483  0.053255
21129  7.130492  -38.134717  0.053308
21130  7.088659  -38.142728  0.053245
21131  7.093172  -38.122731  0.052917
21132  7.098253  -38.119023  0.052957
21133  7.103257  -38.115381  0.052998
21134  7.108429  -38.111634  0.053031
21135  7.113473  -38.108000  0.053055
21136  7.118733  -38.104182  0.053119
21137  7.123805  -38.100559  0.053132
21138  7.131639  -38.095001  0.053132
21139  7.088788  -38.092041  0.053364
21140  7.093456  -38.076163  0.053113
21141  7.098575  -38.072447  0.053140
21142  7.103642  -38.068727  0.053215
21143  7.108865  -38.065203  0.053031
21144  7.113884  -38.061387  0.053237
21145  7.088460  -38.047475  0.053364
21146  7.093265  -38.033834  0.053210
21147  7.098481  -38.030232  0.053258
21148  7.103520  -38.026825  0.053253
21149  7.088407  -38.004106  0.053329
21150  7.096886  -37.891522  0.053271
21151  7.091908  -37.874856  0.053259
21152  7.095961  -37.851130  0.053218
21153  7.089651  -37.835698  0.053355
21154  7.128567  -37.794953  0.053663
21155  7.123176  -37.787510  0.053610
21156  7.116790  -37.777241  0.053532
21157  7.126199  -37.754553  0.053420
21158  7.131317  -37.750532  0.053453
21160  7.108822  -37.755946  0.053549
21161  7.120177  -37.747283  0.053336
21162  7.113591  -37.740457  0.053471
21163  7.101609  -37.739825  0.053598
21164  7.123094  -37.713564  0.053444
21165  7.128408  -37.709427  0.053478
21166  7.096191  -37.724997  0.053597
21167  7.105812  -37.717881  0.053218
21168  7.116756  -37.709307  0.053267
21169  7.110849  -37.706293  0.053358
21170  7.091038  -37.708095  0.053502
21171  7.099918  -37.696287  0.053422
21172  7.125221  -37.676841  0.053583
21173  7.119673  -37.676718  0.053584
21174  7.113923  -37.674565  0.053575
21175  7.094850  -37.680907  0.053289
21176  7.104252  -37.673746  0.053332
21177  7.128689  -37.646916  0.053369
21178  7.088694  -37.668323  0.053542
21179  7.108616  -37.653676  0.053491
21180  7.098370  -37.650671  0.053632
21181  7.116146  -37.637498  0.053733
21182  7.121374  -37.633628  0.053776
21183  7.092756  -37.642004  0.053643
21184  7.102961  -37.634384  0.053683
21185  7.110822  -37.616753  0.053564
21186  7.125044  -37.606276  0.053612
21187  7.088674  -37.612804  0.053533
21188  7.095518  -37.608112  0.053168
21189  7.105649  -37.600500  0.053228
21190  7.115165  -37.593411  0.053257
21191  7.120334  -37.589571  0.053276
21192  7.129422  -37.582848  0.053304
21193  7.100118  -37.591487  0.053192
21194  7.091799  -37.580482  0.053197
21195  7.108555  -37.566994  0.053358
21196  7.123136  -37.555424  0.053415
21197  7.117024  -37.555705  0.053691
21198  7.103513  -37.561131  0.053749
21199  7.127950  -37.541652  0.053895
21200  7.096526  -37.562244  0.053406
21201  7.112224  -37.538368  0.053486
21202  7.088778  -37.543488  0.053626
21203  7.106627  -37.529248  0.053524
21204  7.119449  -37.518935  0.053582
21205  7.099548  -37.528864  0.053448
21206  7.124539  -37.509186  0.053475
21207  7.088551  -37.273176  0.053660
21208  7.093612  -37.263635  0.053291
21209  7.098441  -37.251530  0.053375
21210  7.103415  -37.246591  0.053406
21211  7.108502  -37.241597  0.053388
21212  7.113445  -37.230403  0.053756
21213  7.118588  -37.225355  0.053748
21214  7.123842  -37.220218  0.053731
21215  7.088572  -37.228747  0.053647
21216  7.094424  -37.223236  0.053297
21217  7.100903  -37.209055  0.053319
21218  7.106899  -37.202976  0.053353
21219  7.111763  -37.191263  0.053600
21220  7.116900  -37.186039  0.053615
21221  7.121893  -37.180924  0.053682
21222  7.091091  -37.193047  0.053416
21223  7.095861  -37.178897  0.053454
21224  7.102873  -37.171638  0.053508
21225  7.107560  -37.154440  0.053637
21226  7.112557  -37.149229  0.053651
21227  7.117740  -37.143828  0.053673
21228  7.122700  -37.138675  0.053685
21229  7.088961  -37.134675  0.053696
21230  7.094185  -37.129198  0.053641
21231  7.099352  -37.123717  0.053670
21232  7.104427  -37.118365  0.053678
21233  7.109669  -37.112824  0.053710
21234  7.114785  -37.107449  0.053725
21235  7.120075  -37.101874  0.053770
21236  7.088749  -37.090561  0.053662
21237  7.093865  -37.085063  0.053530
21238  7.099005  -37.079405  0.053545
21239  7.104120  -37.073761  0.053591
21240  7.109380  -37.067982  0.053632
21241  7.114487  -37.062403  0.053646
21242  7.119735  -37.056674  0.053667
21243  7.122771  -37.022695  0.053780
21244  7.088660  -37.048595  0.053641
21245  7.100940  -37.035732  0.053323
21246  7.106105  -37.030175  0.053360
21247  7.114952  -37.020708  0.053402
21248  7.093431  -37.034608  0.053625
21249  7.110163  -37.005343  0.053432
21250  7.118313  -36.990669  0.053752
21251  7.124371  -36.984057  0.053801
21252  7.097165  -37.007441  0.053603
21253  7.102801  -36.997610  0.053601
21254  7.089021  -36.982812  0.053782
21255  7.105710  -36.963425  0.053770
21256  7.110878  -36.957418  0.053800
21257  7.115925  -36.951575  0.053818
21258  7.121135  -36.945546  0.053848
21259  7.126179  -36.939709  0.053886
21260  7.093694  -36.964839  0.053489
21261  7.098754  -36.958887  0.053499
21262  7.102196  -36.927447  0.053404
21263  7.107175  -36.921544  0.053401
21264  7.112400  -36.915320  0.053440
21265  7.117441  -36.909354  0.053450
21266  7.122988  -36.902810  0.053453
21267  7.088755  -36.935928  0.053800
21268  7.127767  -36.889630  0.053826
21269  7.093813  -36.924282  0.053721
21270  7.097391  -36.895702  0.053662
21271  7.103746  -36.888184  0.053698
21272  7.108832  -36.882156  0.053752
21273  7.114022  -36.876080  0.053742
21274  7.119129  -36.870083  0.053763
21275  7.130943  -36.856238  0.053836
21276  7.088796  -36.894485  0.053820
21277  7.123956  -36.853225  0.053765
21278  7.092562  -36.867337  0.053748
21279  7.099554  -36.859073  0.053803
21280  7.104260  -36.839964  0.053634
21281  7.109378  -36.833893  0.053649
21282  7.114624  -36.827665  0.053678
21283  7.119767  -36.821573  0.053706
21284  7.125649  -36.814690  0.053669
21285  7.130805  -36.808632  0.053686
21287  7.093925  -36.827886  0.053450
21288  7.098668  -36.813795  0.053497
21289  7.122164  -36.785312  0.053591
21290  7.105642  -36.800655  0.053580
21291  7.110756  -36.794505  0.053607
21292  7.116078  -36.788120  0.053632
21293  7.127267  -36.774731  0.053693
21294  7.132484  -36.768499  0.053726
21295  7.090581  -36.795983  0.053764
21296  7.095232  -36.777711  0.053701
21297  7.100231  -36.771418  0.053731
21298  7.107461  -36.762371  0.053742
21299  7.112611  -36.755938  0.053757
21300  7.117655  -36.749618  0.053807
21301  7.122819  -36.743191  0.053821
21302  7.128855  -36.735703  0.053828
21303  7.088743  -36.755074  0.053862
21304  7.103073  -36.737246  0.053699
21305  7.131659  -36.701570  0.053776
21306  7.093514  -36.738402  0.053756
21307  7.107818  -36.720451  0.053840
21308  7.113035  -36.713951  0.053859
21309  7.118125  -36.707579  0.053910
21310  7.123390  -36.701040  0.053933
21311  7.098171  -36.722277  0.053755
21312  7.127327  -36.674018  0.053712
21313  7.088726  -36.712190  0.053850
21314  7.102197  -36.695642  0.053664
21315  7.132071  -36.658683  0.053790
21316  7.093314  -36.695157  0.053698
21317  7.106840  -36.678191  0.053787
21318  7.115841  -36.666973  0.053831
21319  7.121019  -36.660570  0.053824
21320  7.097405  -36.669950  0.053468
21321  7.110960  -36.652885  0.053536
21322  7.125176  -36.635079  0.053617
21324  7.129565  -36.615622  0.053718
21325  7.101033  -36.639565  0.053639
21326  7.106284  -36.632841  0.053650
21327  7.114315  -36.622552  0.053692
21328  7.119442  -36.616025  0.053697
21329  7.093765  -36.638869  0.053469
21330  7.123453  -36.592049  0.053453
21331  7.132487  -36.580586  0.053523
21333  7.109210  -36.599949  0.053575
21334  7.096944  -36.606214  0.053703
21335  7.102099  -36.599486  0.053758
21336  7.115186  -36.582575  0.053803
21337  7.127430  -36.566817  0.053855
21338  7.119765  -36.560761  0.053695
21339  7.090747  -36.589249  0.053538
21340  7.131197  -36.536902  0.053728
21341  7.108701  -36.554750  0.053789
21342  7.094454  -36.561583  0.053484
21343  7.099548  -36.554806  0.053495
21344  7.113338  -36.536500  0.053548
21345  7.122079  -36.524969  0.053573
21346  7.126992  -36.508514  0.053529
21347  7.133490  -36.500087  0.053438
21348  7.088568  -36.550212  0.053850
21349  7.103615  -36.530532  0.053530
21350  7.116424  -36.504221  0.053704
21351  7.095872  -36.522391  0.053503
21352  7.107800  -36.506240  0.053608
21353  7.120661  -36.480145  0.053420
21354  7.128392  -36.469792  0.053433
21355  7.090862  -36.513295  0.053406
21356  7.133159  -36.456191  0.053533
21357  7.099816  -36.495277  0.053518
21358  7.111720  -36.479170  0.053558
21359  7.104173  -36.473542  0.053902
21360  7.115969  -36.458089  0.053919
21361  7.123965  -36.447635  0.053949
21362  7.093619  -36.479394  0.053747
21363  7.128248  -36.423327  0.053728
21364  7.088751  -36.462459  0.053916
21365  7.097229  -36.451258  0.053659
21366  7.106711  -36.438406  0.053724
21367  7.111706  -36.431674  0.053744
21368  7.132758  -36.403424  0.053856
21369  7.091865  -36.429781  0.053390
21370  7.114795  -36.397968  0.053542
21371  7.120036  -36.390746  0.053574
21372  7.125133  -36.383746  0.053599
21373  7.097023  -36.404136  0.053472
21374  7.102241  -36.396720  0.053521
21375  7.107302  -36.389569  0.053549
21376  7.129305  -36.358643  0.053691
21377  7.088665  -36.393410  0.053804
21378  7.110992  -36.361373  0.053458
21379  7.116053  -36.354083  0.053454
21380  7.121258  -36.346564  0.053492
21381  7.133096  -36.329519  0.053584
21382  7.092494  -36.365760  0.053217
21383  7.105093  -36.347095  0.053292
21384  7.125549  -36.317033  0.053426
21385  7.096403  -36.340477  0.053300
21386  7.109267  -36.321289  0.053391
21387  7.114270  -36.313879  0.053412
21388  7.129575  -36.291291  0.053500
21389  7.088796  -36.333992  0.053830
21390  7.100499  -36.316654  0.053749
21391  7.118612  -36.289749  0.053880
21392  7.104810  -36.295262  0.053860
21393  7.123123  -36.268342  0.053947
21394  7.132061  -36.255334  0.053941
21395  7.091566  -36.299205  0.053692
21396  7.109181  -36.273046  0.053764
21397  7.114165  -36.265714  0.053753
21398  7.095915  -36.277342  0.053433
21399  7.118580  -36.243381  0.053524
21400  7.125625  -36.232910  0.053530
21401  7.100352  -36.258617  0.053276
21402  7.130155  -36.214263  0.053385
21403  7.088611  -36.265764  0.053810
21404  7.104959  -36.241823  0.053590
21405  7.110477  -36.233696  0.053598
21406  7.120989  -36.207456  0.053787
21407  7.092074  -36.234295  0.053639
21408  7.097129  -36.226888  0.053656
21409  7.113872  -36.202432  0.053757
21410  7.125548  -36.185552  0.053773
21411  7.131940  -36.176323  0.053801
21412  7.101459  -36.203338  0.053681
21413  7.106598  -36.195751  0.053705
21414  7.116393  -36.166850  0.053710
21415  7.121423  -36.159478  0.053721
21416  7.128002  -36.149840  0.053757
21417  7.088719  -36.194497  0.053744
21418  7.109719  -36.163885  0.053562
21419  7.132486  -36.130701  0.053683
21420  7.088863  -36.138725  0.053704
21421  7.098512  -36.124175  0.053564
21422  7.103604  -36.116425  0.053586
21423  7.108544  -36.108923  0.053608
21424  7.113630  -36.101231  0.053620
21425  7.118625  -36.093641  0.053683
21426  7.123717  -36.085995  0.053677
21427  7.128649  -36.078574  0.053700
21428  7.091032  -36.098683  0.053244
21429  7.099930  -36.084818  0.053315
21430  7.104996  -36.077026  0.053290
21431  7.109978  -36.069320  0.053315
21432  7.115145  -36.061332  0.053362
21433  7.120109  -36.053703  0.053382
21434  7.125287  -36.045758  0.053405
21435  7.130229  -36.038218  0.053404
21436  7.089071  -36.059288  0.053753
21437  7.096517  -36.047420  0.053678
21438  7.101497  -36.039377  0.053756
21439  7.106645  -36.031161  0.053758
21440  7.111987  -36.022615  0.053798
21441  7.117178  -36.014345  0.053828
21442  7.122246  -36.006262  0.053879
21443  7.127509  -35.997896  0.053927
21444  7.133007  -35.965695  0.053894
21445  7.088792  -36.014414  0.053639
21446  7.093796  -36.006432  0.053299
21447  7.098917  -35.997906  0.053309
21448  7.103947  -35.989513  0.053356
21449  7.109152  -35.980890  0.053363
21450  7.114214  -35.972511  0.053382
21451  7.119118  -35.964414  0.053403
21452  7.124164  -35.956120  0.053400
21453  7.128158  -35.927887  0.053456
21454  7.132464  -35.907475  0.053518
21455  7.089177  -35.971940  0.053704
21456  7.102575  -35.949834  0.053782
21457  7.107756  -35.941339  0.053793
21458  7.113112  -35.932551  0.053827
21459  7.093847  -35.956444  0.053609
21460  7.117903  -35.916865  0.053739
21461  7.122877  -35.908754  0.053738
21462  7.127033  -35.882472  0.053261
21463  7.097232  -35.925988  0.053137
21464  7.131689  -35.866841  0.053315
21465  7.088808  -35.929105  0.053668
21466  7.101690  -35.906992  0.053513
21467  7.106759  -35.898228  0.053539
21468  7.111709  -35.889695  0.053553
21469  7.119141  -35.876891  0.053604
21470  7.117628  -35.815647  0.053728
21471  7.129209  -35.795884  0.053878
21472  7.088808  -35.845389  0.053647
21473  7.093857  -35.837043  0.053286
21474  7.098753  -35.828486  0.053356
21475  7.103804  -35.819758  0.053361
21476  7.109017  -35.810749  0.053382
21477  7.121714  -35.788942  0.053401
21478  7.113212  -35.785217  0.053735
21479  7.132562  -35.676923  0.053672
21480  7.096306  -35.718393  0.053326
21481  7.101232  -35.709493  0.053356
21482  7.106148  -35.700539  0.053472
21483  7.111153  -35.691539  0.053503
21484  7.116253  -35.682415  0.053516
21485  7.121302  -35.673350  0.053578
21486  7.126188  -35.664597  0.053640
21487  7.088886  -35.714062  0.053355
21488  7.131563  -35.637516  0.053367
21489  7.090311  -35.674866  0.053339
21490  7.095283  -35.665837  0.053331
21491  7.106072  -35.646206  0.053408
21492  7.110968  -35.637347  0.053428
21493  7.116071  -35.628128  0.053456
21494  7.121664  -35.618046  0.053481
21495  7.126812  -35.608792  0.053508
21496  7.132825  -35.598017  0.053535
21497  7.099303  -35.638919  0.053542
21498  7.088695  -35.635287  0.053710
21499  7.093673  -35.626724  0.053365
21500  7.102906  -35.610100  0.053426
21501  7.108025  -35.600915  0.053455
21502  7.113024  -35.591998  0.053456
21503  7.118196  -35.582757  0.053490
21504  7.123208  -35.573853  0.053494
21505  7.128427  -35.564586  0.053510
21506  7.133603  -35.555539  0.053417
21507  7.096804  -35.593084  0.053593
21508  7.088868  -35.590992  0.053845
21509  7.101050  -35.569190  0.053695
21510  7.106208  -35.559878  0.053731
21511  7.111174  -35.550973  0.053728
21512  7.116371  -35.541630  0.053774
21513  7.121721  -35.532041  0.053804
21514  7.132447  -35.513093  0.053687
21515  7.089441  -35.543655  0.053738
21516  7.118013  -35.492380  0.053747
21517  7.132046  -35.467353  0.053817
21518  7.093219  -35.516829  0.053283
21519  7.098106  -35.507909  0.053298
21520  7.103147  -35.498682  0.053354
21521  7.108080  -35.489727  0.053362
21522  7.113143  -35.480536  0.053384
21523  7.121782  -35.464918  0.053418
21524  7.126686  -35.456071  0.053440
21525  7.116892  -35.452514  0.053237
21526  7.088653  -35.486512  0.053664
21527  7.094334  -35.476623  0.053188
21528  7.099239  -35.467607  0.053212
21529  7.104327  -35.458248  0.053258
21530  7.109291  -35.449178  0.053269
21531  7.122812  -35.424519  0.053349
21532  7.127731  -35.415593  0.053374
21533  7.111576  -35.413502  0.053942
21534  7.116493  -35.404656  0.053984
21535  7.130368  -35.379885  0.054030
21536  7.089570  -35.435745  0.053840
21537  7.104456  -35.408677  0.053951
21538  7.120658  -35.379455  0.054040
21539  7.093800  -35.411799  0.053341
21540  7.098722  -35.402830  0.053378
21541  7.124770  -35.355823  0.053461
21542  7.107016  -35.373729  0.053342
21543  7.112102  -35.364559  0.053363
21544  7.129354  -35.333530  0.053498
21545  7.088697  -35.393031  0.053941
21546  7.101914  -35.369461  0.053612
21547  7.093065  -35.370523  0.053645
21548  7.114819  -35.330863  0.053768
21549  7.119862  -35.321711  0.053807
21550  7.125045  -35.312381  0.053798
21551  7.097268  -35.345906  0.053361
21552  7.104414  -35.332850  0.053352
21553  7.109447  -35.323633  0.053389
21554  7.088618  -35.343062  0.053889
21555  7.121628  -35.283118  0.053442
21556  7.126566  -35.274122  0.053466
21557  7.092614  -35.318607  0.053531
21558  7.098726  -35.307269  0.053614
21559  7.106077  -35.293730  0.053666
21560  7.114132  -35.278949  0.053720
21561  7.118080  -35.253830  0.053950
21562  7.129119  -35.233889  0.053850
21564  7.094342  -35.279712  0.053773
21565  7.100256  -35.268784  0.053821
21566  7.107709  -35.255067  0.053871
21567  7.111672  -35.229312  0.053738
21568  7.119724  -35.214477  0.053767
21569  7.124635  -35.205462  0.053783
21570  7.130395  -35.194934  0.053777
21571  7.102366  -35.231517  0.053278
21572  7.088539  -35.242886  0.053948
21573  7.114697  -35.195603  0.053234
21574  7.092858  -35.220864  0.053399
21575  7.097860  -35.211523  0.053425
21576  7.105268  -35.197747  0.053444
21577  7.118820  -35.172628  0.053500
21578  7.123754  -35.163493  0.053544
21579  7.128850  -35.154134  0.053539
21580  7.109893  -35.177043  0.053663
21581  7.089241  -35.188549  0.053678
21582  7.098640  -35.171158  0.053727
21583  7.113026  -35.144719  0.053758
21584  7.119542  -35.132785  0.053787
21585  7.124549  -35.123626  0.053816
21586  7.129695  -35.114260  0.053823
21587  7.102785  -35.145557  0.053666
21588  7.107901  -35.136046  0.053711
21589  7.091498  -35.150356  0.053682
21590  7.114868  -35.107004  0.053826
21591  7.131440  -35.076544  0.053918
21592  7.119504  -35.086615  0.053910
21593  7.124559  -35.077404  0.053957
21594  7.094903  -35.119177  0.053488
21595  7.100066  -35.109749  0.053520
21596  7.105408  -35.100062  0.053511
21598  7.111405  -35.071884  0.053522
21599  7.127260  -35.043054  0.053556
21600  7.096043  -35.079698  0.053403
21601  7.101281  -35.069985  0.053418
21602  7.115099  -35.044414  0.053493
21603  7.120318  -35.034801  0.053520
21604  7.130965  -35.015300  0.053546
21606  7.106224  -35.039218  0.053468
21607  7.124182  -35.006149  0.053589
21608  7.097125  -35.034075  0.053715
21609  7.111257  -35.008076  0.053824
21610  7.116135  -34.999109  0.053894
21611  7.089145  -35.026727  0.053941
21612  7.100705  -35.005453  0.053945
21613  7.119760  -34.970524  0.054056
21614  7.125154  -34.960710  0.054081
21615  7.092838  -34.996779  0.053484
21616  7.128815  -34.930414  0.053637
21617  7.088529  -34.955295  0.053828
21618  7.102767  -34.912518  0.053550
21619  7.107944  -34.902767  0.053589
21620  7.112960  -34.893315  0.053657
21621  7.118135  -34.883637  0.053678
21622  7.125276  -34.870347  0.053689
21623  7.091496  -34.920983  0.053742
21624  7.095570  -34.870804  0.053981
21625  7.089102  -34.856496  0.053918
21626  7.098701  -34.838041  0.053868
21627  7.103716  -34.828389  0.053884
21628  7.108903  -34.818386  0.053941
21629  7.113913  -34.808808  0.053942
21630  7.119121  -34.798844  0.053971
21631  7.124107  -34.789336  0.053988
21632  7.088519  -34.798946  0.053886
21633  7.091466  -34.766414  0.053360
21634  7.096564  -34.756188  0.053424
21635  7.105763  -34.737854  0.053503
21636  7.110751  -34.727961  0.053537
21637  7.115877  -34.717829  0.053562
21638  7.120881  -34.707935  0.053617
21639  7.100056  -34.724976  0.053712
21640  7.124476  -34.676997  0.053768
21641  7.088930  -34.721004  0.054028
21642  7.093938  -34.711472  0.053693
21643  7.103285  -34.693027  0.053727
21644  7.108202  -34.683349  0.053755
21645  7.096824  -34.678145  0.053398
21646  7.112007  -34.648030  0.053419
21647  7.117985  -34.636210  0.053454
21648  7.088655  -34.670932  0.054052
21649  7.102126  -34.644810  0.053555
21650  7.107027  -34.635084  0.053614
21651  7.121718  -34.606140  0.053727
21652  7.092599  -34.643583  0.053811
21653  7.110877  -34.607464  0.053994
21654  7.115741  -34.597926  0.054026
21655  7.125492  -34.578884  0.054072
21656  7.095969  -34.611956  0.053939
21657  7.100935  -34.602073  0.053967
21658  7.106104  -34.591817  0.053988
21659  7.119111  -34.566090  0.054069
21660  7.088908  -34.594769  0.054088
21661  7.108631  -34.555259  0.053724
21662  7.113701  -34.545045  0.053737
21663  7.121499  -34.529364  0.053772
21664  7.126686  -34.518953  0.053807
21665  7.094613  -34.554879  0.053354
21666  7.099540  -34.544710  0.053387
21667  7.116460  -34.510020  0.053450
21669  7.110622  -34.503453  0.053362
21670  7.120422  -34.483528  0.053395
21671  7.125527  -34.473202  0.053394
21672  7.101544  -34.506049  0.053465
21673  7.090728  -34.510703  0.053495
21674  7.095842  -34.500146  0.053494
21675  7.105695  -34.479816  0.053548
21676  7.112727  -34.465346  0.053587
21677  7.117206  -34.442567  0.053375
21678  7.122245  -34.432306  0.053392
21679  7.098737  -34.466821  0.053376
21680  7.089239  -34.469055  0.053844
21681  7.102943  -34.441019  0.053802
21682  7.107879  -34.430863  0.053877
21683  7.089531  -34.408867  0.053728
21684  7.094614  -34.398259  0.053732
21685  7.099536  -34.388001  0.053745
21686  7.105398  -34.375783  0.053783
21687  7.110407  -34.365354  0.053830
21688  7.115261  -34.355307  0.053844
21689  7.120305  -34.344846  0.053891
21690  7.125470  -34.334191  0.053905
21691  7.100470  -34.347686  0.053450
21692  7.106300  -34.335248  0.053470
21693  7.111718  -34.323642  0.053554
21694  7.116572  -34.313349  0.053553
21695  7.121627  -34.302616  0.053584
21696  7.126776  -34.291745  0.053584
21697  7.088814  -34.357702  0.053721
21698  7.093952  -34.347153  0.053295
21699  7.096156  -34.309155  0.053366
21700  7.101120  -34.298530  0.053370
21701  7.107266  -34.285344  0.053432
21702  7.112309  -34.274559  0.053470
21703  7.117192  -34.264126  0.053513
21704  7.122232  -34.253384  0.053557
21705  7.089297  -34.310244  0.053794
21706  7.126433  -34.230548  0.053933
21707  7.103115  -34.261077  0.053750
21708  7.091777  -34.274128  0.053495
21709  7.096908  -34.263143  0.053556
21710  7.107467  -34.240671  0.053629
21711  7.112516  -34.229981  0.053643
21712  7.117414  -34.219605  0.053676
21713  7.121925  -34.196286  0.053697
21714  7.088653  -34.234100  0.053821
21715  7.091966  -34.203465  0.053693
21716  7.097088  -34.192317  0.053749
21717  7.102081  -34.181530  0.053748
21718  7.110648  -34.162976  0.053839
21719  7.115769  -34.151968  0.053845
21720  7.120753  -34.141241  0.053884
21721  7.124908  -34.118851  0.054138
21722  7.104481  -34.144411  0.053968
21723  7.089046  -34.157457  0.053982
21724  7.093887  -34.147258  0.053687
21725  7.098826  -34.136523  0.053723
21726  7.108210  -34.116195  0.053780
21727  7.113327  -34.105149  0.053808
21728  7.118229  -34.094619  0.053810
21729  7.122142  -34.066015  0.053571
21730  7.089390  -34.117209  0.053481
21731  7.094323  -34.106367  0.053435
21732  7.099268  -34.095423  0.053481
21733  7.105043  -34.082679  0.053530
21734  7.110001  -34.071783  0.053548
21735  7.115174  -34.060426  0.053585
21736  7.119051  -34.031375  0.053784
21737  7.124129  -34.020199  0.053821
21738  7.089911  -34.076776  0.053629
21739  7.094738  -34.065985  0.053689
21740  7.099611  -34.055147  0.053714
21741  7.105387  -34.042327  0.053755
21742  7.110348  -34.031334  0.053791
21743  7.114198  -34.002730  0.053558
21744  7.119492  -33.990980  0.053594
21745  7.105647  -34.002036  0.053412
21746  7.123275  -33.962786  0.053477
21747  7.088768  -34.022613  0.053995
21748  7.093735  -34.012132  0.053405
21749  7.098649  -34.001107  0.053455
21750  7.109633  -33.976620  0.053498
21751  7.115487  -33.963605  0.053531
21752  7.102326  -33.967403  0.053797
21753  7.118631  -33.931429  0.053873
21754  7.123734  -33.920219  0.053895
21755  7.089778  -33.983045  0.053480
21756  7.094892  -33.971632  0.053534
21757  7.110703  -33.936620  0.053578
21758  7.097862  -33.938991  0.053585
21759  7.103293  -33.926952  0.053621
21760  7.113820  -33.903689  0.053694
21761  7.119489  -33.891235  0.053702
21762  7.090424  -33.942551  0.053731
21763  7.107569  -33.904547  0.053852
21764  7.122500  -33.857073  0.053883
21765  7.092688  -33.906581  0.053445
21766  7.100528  -33.889061  0.053494
21767  7.109794  -33.868440  0.053538
21768  7.114636  -33.857721  0.053541
21769  7.104624  -33.861976  0.053355
21770  7.118476  -33.830974  0.053425
21771  7.088890  -33.878191  0.053920
21772  7.094158  -33.866650  0.053479
21773  7.111023  -33.828313  0.053551
21774  7.122150  -33.803112  0.053649
21775  7.098097  -33.841802  0.053672
21776  7.102240  -33.817542  0.053728
21777  7.113295  -33.792397  0.053769
21778  7.089123  -33.828476  0.053919
21779  7.094042  -33.817453  0.053620
21780  7.106194  -33.789446  0.053731
21781  7.117197  -33.764279  0.053765
21782  7.097624  -33.787128  0.053708
21783  7.109669  -33.759101  0.053786
21784  7.120963  -33.732950  0.053857
21785  7.088933  -33.786068  0.053869
21786  7.101095  -33.757930  0.053489
21787  7.094962  -33.751254  0.053621
21788  7.104786  -33.728074  0.053681
21789  7.109788  -33.716325  0.053702
21790  7.114694  -33.704784  0.053763
21791  7.119650  -33.693194  0.053777
21792  7.089075  -33.741747  0.053856
21793  7.098382  -33.719861  0.053609
21794  7.093493  -33.705955  0.053630
21795  7.101356  -33.687051  0.053704
21796  7.106266  -33.675322  0.053710
21797  7.111375  -33.663105  0.053756
21798  7.116258  -33.651495  0.053754
21799  7.119257  -33.617906  0.053905
21800  7.089431  -33.665880  0.053735
21801  7.095134  -33.652166  0.053683
21802  7.100163  -33.640015  0.053721
21803  7.105090  -33.628149  0.053746
21804  7.111931  -33.611701  0.053797
21805  7.115519  -33.581424  0.053567
21806  7.089080  -33.621237  0.053706
21807  7.097697  -33.600812  0.053341
21808  7.102576  -33.589003  0.053399
21809  7.107611  -33.576874  0.053427
21810  7.092125  -33.588891  0.053144
21811  7.096710  -33.561116  0.053224
21812  7.101575  -33.549314  0.053232
21813  7.106607  -33.537108  0.053261
21814  7.111483  -33.525318  0.053278
21815  7.116297  -33.507696  0.053468
21816  7.120917  -33.489949  0.053928
21817  7.089635  -33.547797  0.053698
21818  7.093640  -33.521636  0.053686
21819  7.098434  -33.510009  0.053675
21820  7.103506  -33.497675  0.053718
21821  7.108374  -33.485836  0.053774
21822  7.113337  -33.473868  0.053754
21823  7.122798  -33.451032  0.053785
21824  7.127677  -33.434561  0.053785
21825  7.116773  -33.442997  0.053376
21826  7.088713  -33.502601  0.053703
21827  7.093711  -33.481301  0.053282
21828  7.098544  -33.469174  0.053319
21829  7.103486  -33.456790  0.053362
21830  7.108341  -33.444671  0.053379
21831  7.120588  -33.414211  0.053409
21832  7.128715  -33.394011  0.053476
21833  7.112311  -33.417386  0.053843
21834  7.088873  -33.461144  0.053684
21835  7.122934  -33.376546  0.053447
21836  7.131649  -33.352784  0.053903
21837  7.105103  -33.404230  0.053853
21838  7.114726  -33.380365  0.053886
21839  7.091924  -33.427756  0.053194
21840  7.097116  -33.414790  0.053213
21841  7.118580  -33.353544  0.053355
21842  7.125741  -33.335975  0.053401
21843  7.108119  -33.367699  0.053767
21844  7.098747  -33.376607  0.053795
21845  7.113925  -33.339089  0.053863
21846  7.089051  -33.381395  0.053691
21847  7.102645  -33.347848  0.053334
21848  7.123352  -33.296448  0.053389
21849  7.089331  -33.340858  0.053389
21850  7.094172  -33.328720  0.053244
21851  7.099149  -33.316052  0.053287
21852  7.103996  -33.303752  0.053309
21853  7.109032  -33.291013  0.053329
21854  7.113897  -33.278695  0.053377
21855  7.118924  -33.266036  0.053389
21856  7.127195  -33.245219  0.053452
21857  7.131264  -33.218280  0.053479
21858  7.088979  -33.294270  0.053716
21859  7.094045  -33.282047  0.053204
21860  7.099018  -33.269460  0.053236
21861  7.104114  -33.256597  0.053264
21862  7.108516  -33.233013  0.053413
21863  7.113640  -33.220071  0.053455
21864  7.118618  -33.207551  0.053474
21865  7.126401  -33.188021  0.053502
21866  7.129948  -33.159024  0.053531
21867  7.090065  -33.254667  0.053525
21868  7.095148  -33.241992  0.053544
21869  7.100108  -33.229595  0.053613
21870  7.121228  -33.173274  0.053776
21871  7.104019  -33.203285  0.053627
21872  7.108963  -33.190928  0.053672
21873  7.114049  -33.178298  0.053670
21874  7.124887  -33.135869  0.053657
21875  7.131393  -33.119632  0.053675
21876  7.088947  -33.214790  0.053771
21877  7.094012  -33.202478  0.053263
21878  7.098908  -33.190021  0.053313
21879  7.105876  -33.149883  0.053361
21880  7.115561  -33.124951  0.053414
21881  7.100118  -33.150831  0.053406
21882  7.109939  -33.125612  0.053476
21883  7.119747  -33.100556  0.053505
21884  7.124804  -33.087649  0.053543
21885  7.129600  -33.075458  0.053547
21886  7.089728  -33.169681  0.053807
21887  7.094668  -33.156983  0.053838
21888  7.103053  -33.116591  0.053515
21889  7.112305  -33.080149  0.053939
21890  7.089117  -33.123791  0.053762
21891  7.093873  -33.111699  0.053319
21892  7.105454  -33.081164  0.053363
21893  7.088747  -33.080790  0.053742
21894  7.093346  -33.063001  0.053400
21895  7.127286  -32.827096  0.053272
21896  7.112673  -32.842393  0.053250
21897  7.117688  -32.828128  0.053284
21898  7.122512  -32.814434  0.053313
21899  7.128215  -32.775483  0.053382
21900  7.089519  -32.829770  0.053118
21901  7.097064  -32.808291  0.052907
21902  7.116749  -32.751766  0.052957
21903  7.121512  -32.738179  0.052947
21904  7.126637  -32.723475  0.053024
21905  7.090031  -32.789685  0.052717
21906  7.108450  -32.735667  0.052808
21907  7.094067  -32.765554  0.053125
21908  7.100871  -32.745441  0.053202
21909  7.115486  -32.702464  0.053320
21910  7.120448  -32.687951  0.053341
21911  7.133240  -32.619245  0.053442
21912  7.101830  -32.695438  0.053250
21913  7.106623  -32.680884  0.053293
21914  7.089476  -32.717165  0.053115
21915  7.094433  -32.702036  0.052997
21916  7.110282  -32.653336  0.053042
21917  7.114963  -32.639025  0.053046
21918  7.121257  -32.619768  0.053087
21919  7.125941  -32.605502  0.053084
21920  7.098007  -32.659894  0.052575
21921  7.089228  -32.671314  0.053144
21922  7.101703  -32.632503  0.052891
21923  7.110672  -32.604405  0.052959
21924  7.123437  -32.564624  0.053023
21925  7.128257  -32.549650  0.053047
21926  7.105186  -32.603185  0.053284
21927  7.114353  -32.574397  0.053294
21928  7.091227  -32.633423  0.053180
21929  7.096506  -32.616701  0.053188
21930  7.118452  -32.547482  0.053297
21931  7.099211  -32.577709  0.052626
21932  7.106437  -32.554926  0.052653
21933  7.111325  -32.539568  0.052655
21934  7.121407  -32.507911  0.052709
21935  7.092512  -32.591076  0.053176
21936  7.125802  -32.486475  0.053330
21937  7.115251  -32.514297  0.052992
21938  7.130471  -32.467688  0.052994
21939  7.094982  -32.555861  0.052571
21940  7.100742  -32.538072  0.052595
21941  7.107139  -32.515045  0.053285
21942  7.120897  -32.465123  0.053228
21943  7.089114  -32.558019  0.053110
21944  7.088478  -32.514675  0.053110
21945  7.092213  -32.487599  0.052548
21946  7.096955  -32.472847  0.052552
21947  7.101845  -32.457645  0.052569
21948  7.108290  -32.437623  0.052612
21949  7.113610  -32.421164  0.052633
21950  7.089949  -32.411885  0.053159
21951  7.093334  -32.381889  0.052592
21952  7.098037  -32.367207  0.052595
21953  7.088465  -32.361769  0.053122
21954  7.093265  -32.341318  0.052515
21955  7.111470  -32.084878  0.052364
21956  7.116234  -32.071320  0.052397
21957  7.101877  -32.101448  0.052303
21958  7.120104  -32.044457  0.052784
21959  7.093469  -32.078590  0.052363
21960  7.098486  -32.065228  0.052348
21961  7.103240  -32.052522  0.052377
21962  7.108973  -32.037275  0.052388
21963  7.116121  -32.018283  0.052424
21964  7.089093  -31.994776  0.052649
21965  7.089058  -31.949673  0.052679
21966  7.111272  -31.893823  0.052205
21967  7.116134  -31.881444  0.052245
21968  7.092954  -31.908518  0.052322
21969  7.102107  -31.886186  0.052340
21970  7.118667  -31.845942  0.052387
21971  7.107114  -31.866174  0.052356
21972  7.112085  -31.854097  0.052400
21973  7.089502  -31.876870  0.052588
21974  7.094700  -31.864661  0.052475
21975  7.102526  -31.845977  0.052552
21976  7.116610  -31.800475  0.052754
21977  7.090570  -31.836054  0.052333
21978  7.116092  -31.414357  0.051904
21979  7.110694  -31.412530  0.052117
21980  7.089457  -31.181665  0.051848
21981  7.094554  -31.168958  0.051781
21982  7.099258  -31.155244  0.051522
21983  7.104031  -31.137105  0.051569
21984  7.109006  -31.124717  0.051525
21985  7.088803  -31.141091  0.051750
21986  7.093694  -31.129015  0.051330
21987  7.099530  -31.114091  0.051298
21989  7.110263  -31.085401  0.051572
21990  7.102870  -31.083627  0.051754
21992  7.119506  -31.102190  0.051460
21994  7.116575  -31.068259  0.051755
21996  7.089719  -31.101453  0.051211
21997  7.106770  -31.055065  0.051338
21999  7.117805  -31.028932  0.051333
22000  7.122834  -31.017024  0.051349
22001  7.093004  -31.070663  0.051302
22002  7.097941  -31.058738  0.051326
22004  7.101614  -31.030250  0.051386
22005  7.107941  -31.015189  0.051410
22006  7.118557  -30.985192  0.051269
22007  7.122695  -30.961419  0.051570
22008  7.089588  -31.019245  0.051583
22009  7.094504  -31.007651  0.051458
22010  7.101958  -30.989876  0.051466
22011  7.108363  -30.974599  0.051500
22013  7.117933  -30.937381  0.051297
22014  7.097062  -30.972900  0.051169
22015  7.103613  -30.951655  0.051326
22016  7.090511  -30.979359  0.051342
22017  7.109061  -30.934548  0.051475
22018  7.098475  -30.933031  0.051297
22019  7.093324  -30.942430  0.051320
22028  7.127751  -31.122606  0.051603
22030  7.132555  -31.139318  0.051700
22032  7.112409  -31.155523  0.051496
22033  7.126202  -31.162576  0.051704
22034  7.107453  -31.167674  0.051694
22036  7.130924  -31.177573  0.051760
22037  7.116037  -31.184317  0.051745
22038  7.098242  -31.196306  0.051409
22039  7.110957  -31.197488  0.051562
22040  7.103174  -31.205371  0.051485
22043  7.092793  -31.212413  0.051557
22045  7.129141  -31.222724  0.051864
22046  7.107559  -31.226868  0.051980
22047  7.114306  -31.227375  0.051825
22048  7.099365  -31.235639  0.051540
22049  7.089117  -31.240462  0.051863
22051  7.132953  -31.250890  0.051791
22052  7.093944  -31.254663  0.051585
22053  7.103818  -31.255554  0.051780
22054  7.109875  -31.263131  0.051729
22055  7.116675  -31.263687  0.051745
22057  7.097918  -31.280132  0.051792
22058  7.089363  -31.287600  0.051972
22059  7.120271  -31.291824  0.052004
22061  7.102457  -31.297647  0.051797
22062  7.112363  -31.299122  0.051850
22064  7.093868  -31.306825  0.051545
22065  7.107266  -31.308868  0.051739
22066  7.116546  -31.322661  0.051841
22067  7.133803  -31.325484  0.051981
22068  7.089375  -31.331351  0.052048
22069  7.097719  -31.332996  0.051945
22070  7.121224  -31.337735  0.052113
22071  7.127975  -31.339085  0.052167
22072  7.102750  -31.338654  0.051916
22073  7.110525  -31.340365  0.052041
22074  7.093457  -31.356182  0.051640
22075  7.132065  -31.364190  0.051835
22076  7.106551  -31.365398  0.051780
22077  7.114307  -31.367052  0.051925
22079  7.099271  -31.371681  0.051813
22080  7.119280  -31.376299  0.051980
22081  7.089387  -31.381957  0.052104
22082  7.128493  -31.394840  0.052165
22084  7.094775  -31.395293  0.051876
22085  7.103071  -31.397945  0.051991
22086  7.122234  -31.409845  0.052101
22087  7.089079  -31.676106  0.052517
22088  7.094233  -31.679136  0.052176
22089  7.099264  -31.682132  0.052206
22090  7.104294  -31.685114  0.052248
22091  7.109456  -31.688172  0.052295
22092  7.114518  -31.691166  0.052358
22093  7.119758  -31.694250  0.052383
22094  7.124912  -31.697276  0.052428
22095  7.129998  -31.700257  0.052476
22097  7.088832  -31.716993  0.052603
22098  7.093940  -31.719880  0.052037
22099  7.098953  -31.722770  0.052039
22100  7.104155  -31.725771  0.052094
22101  7.109266  -31.728710  0.052136
22102  7.114291  -31.731588  0.052160
22103  7.119475  -31.734552  0.052203
22104  7.124592  -31.737461  0.052208
22105  7.128896  -31.760020  0.052437
22106  7.133674  -31.773716  0.052470
22107  7.089324  -31.757281  0.052528
22108  7.094313  -31.760277  0.052416
22109  7.099336  -31.763307  0.052443
22110  7.104538  -31.766436  0.052485
22111  7.109671  -31.769507  0.052491
22112  7.120706  -31.776106  0.052587
22113  7.125134  -31.795128  0.052399
22114  7.129962  -31.806093  0.052535
22115  7.091808  -31.796862  0.052227
22116  7.097007  -31.800051  0.052270
22117  7.102144  -31.803198  0.052314
22118  7.107229  -31.806301  0.052331
22120  7.123677  -31.837601  0.052383
22121  7.128512  -31.851827  0.052538
22122  7.132387  -31.877541  0.052584
22123  7.121518  -31.879172  0.052399
22124  7.126345  -31.890955  0.052336
22125  7.106279  -31.908924  0.052368
22126  7.118498  -31.917131  0.052460
22127  7.129356  -31.924378  0.052524
22128  7.097855  -31.917865  0.052514
22129  7.123168  -31.935021  0.052670
22130  7.133917  -31.942207  0.052580
22131  7.110127  -31.936605  0.052623
22132  7.101960  -31.941423  0.052512
22133  7.115039  -31.950099  0.052610
22134  7.094265  -31.947612  0.052496
22135  7.126020  -31.968505  0.052737
22136  7.106169  -31.965509  0.052641
22137  7.119286  -31.973907  0.052730
22138  7.130942  -31.981323  0.052834
22139  7.098236  -31.973244  0.052418
22140  7.111052  -31.980372  0.052479
22141  7.122819  -32.003210  0.052773
22142  7.102448  -31.995292  0.052760
22143  7.134088  -32.013176  0.052954
22144  7.127466  -32.019253  0.052407
22145  7.093621  -32.012553  0.052358
22146  7.130848  -32.049755  0.052749
22147  7.089062  -32.036937  0.052676
22148  7.124713  -32.062403  0.052574
22149  7.128756  -32.088792  0.052709
22150  7.133808  -32.091041  0.052739
22151  7.119997  -32.097956  0.052666
22152  7.106913  -32.104012  0.052554
22153  7.114482  -32.117613  0.052644
22154  7.124185  -32.121689  0.052683
22155  7.129043  -32.137355  0.052829
22156  7.134210  -32.139546  0.052734
22157  7.118097  -32.145633  0.052751
22158  7.125097  -32.172528  0.052879
22159  7.130770  -32.175138  0.052864
22160  7.103233  -32.363838  0.052659
22161  7.108713  -32.374149  0.052679
22162  7.118209  -32.405158  0.052915
22163  7.099690  -32.405679  0.052828
22164  7.104786  -32.407332  0.052750
22165  7.122781  -32.421522  0.052967
22166  7.094884  -32.423006  0.052877
22167  7.115394  -32.458833  0.053023
22168  7.110327  -32.474961  0.052990
22169  7.133860  -32.498024  0.052864
22170  7.102456  -32.500159  0.052785
22171  7.133102  -32.539203  0.053213
22172  7.125104  -32.646305  0.053217
22173  7.130118  -32.653898  0.053298
22174  7.134062  -32.678603  0.052937
22175  7.131833  -32.725381  0.053361
22176  7.111856  -32.765684  0.053307
22177  7.133249  -32.768495  0.053415
22178  7.104657  -32.772450  0.053091
22179  7.108666  -32.796982  0.053148
22180  7.131916  -32.809658  0.053344
22181  7.101948  -32.817119  0.053085
22182  7.106229  -32.838849  0.053178
22183  7.098361  -33.071773  0.053398
22184  7.128312  -33.289773  0.053513
22185  7.133556  -33.290484  0.053555
22186  7.131907  -33.456451  0.053545
22187  7.126314  -33.480288  0.053518
22188  7.130249  -33.507477  0.053576
22189  7.120038  -33.534631  0.053482
22190  7.125242  -33.536106  0.053523
22191  7.133495  -33.538383  0.053548
22192  7.128194  -33.569248  0.053527
22193  7.123935  -33.603265  0.053627
22194  7.130586  -33.605267  0.053651
22195  7.126823  -33.637319  0.053731
22196  7.133359  -33.639261  0.053787
22197  7.124694  -33.687850  0.053850
22198  7.129790  -33.689110  0.053865
22199  7.133851  -33.712978  0.053735
22200  7.126113  -33.736594  0.053834
22201  7.130181  -33.761663  0.053872
22202  7.127366  -33.800936  0.053759
22203  7.132519  -33.802271  0.053770
22204  7.128644  -33.839684  0.053319
22205  7.132613  -33.864219  0.053427
22206  7.127175  -33.890619  0.053530
22207  7.130271  -33.923096  0.053821
22208  7.134235  -33.949328  0.053782
22209  7.128315  -33.970117  0.053801
22210  7.131974  -33.998193  0.053649
22211  7.127205  -34.058901  0.053549
22212  7.132323  -34.060544  0.053577
22213  7.130053  -34.122792  0.053777
22214  7.133617  -34.151605  0.053976
22215  7.125920  -34.171453  0.054003
22216  7.130448  -34.192260  0.054067
22217  7.106743  -34.197495  0.053830
22218  7.132091  -34.230194  0.053776
22219  7.099818  -34.230068  0.053486
22220  7.131211  -34.272622  0.053841
22221  7.131125  -34.314779  0.053815
22222  7.132805  -34.352837  0.053690
22223  7.128014  -34.369907  0.053763
22224  7.118389  -34.387373  0.053561
22225  7.123587  -34.389863  0.053565
22226  7.132186  -34.393964  0.053598
22227  7.112027  -34.408543  0.053414
22228  7.127499  -34.416145  0.053494
22229  7.131309  -34.442628  0.053468
22230  7.093574  -34.448007  0.053417
22231  7.130542  -34.493022  0.053911
22232  7.131189  -34.537611  0.054087
22233  7.131615  -34.577664  0.053611
22234  7.126852  -34.617559  0.053654
22235  7.132053  -34.620327  0.053668
22236  7.129301  -34.664796  0.053827
22237  7.115683  -34.675376  0.053775
22238  7.133725  -34.684774  0.053519
22239  7.125500  -34.726920  0.053662
22240  7.130594  -34.729754  0.053710
22241  7.119019  -34.750685  0.053684
22242  7.101514  -34.768173  0.053683
22243  7.108512  -34.772179  0.053691
22244  7.129274  -34.784035  0.053838
22245  7.132393  -34.815618  0.053893
22246  7.092722  -34.820851  0.053587
22247  7.120480  -34.837636  0.053719
22248  7.130321  -34.871377  0.053539
22249  7.133523  -34.903131  0.053645
22250  7.096743  -34.910297  0.053582
22251  7.116636  -34.922537  0.053655
22252  7.121690  -34.925765  0.053858
22253  7.106148  -34.943047  0.053774
22254  7.111167  -34.946165  0.053757
22255  7.132351  -34.959370  0.053910
22256  7.094014  -34.957451  0.053701
22257  7.099097  -34.960739  0.053751
22258  7.104786  -34.982278  0.053613
22259  7.133816  -35.149057  0.053848
22260  7.133492  -35.253246  0.053575
22261  7.131147  -35.290083  0.053935
22262  7.134034  -35.348003  0.053257
22263  7.133328  -35.412238  0.053779
22264  7.125396  -35.504915  0.053390
22265  7.094568  -35.555800  0.053698
22266  7.124463  -35.705186  0.053132
22267  7.109586  -35.730849  0.052913
22268  7.114739  -35.733065  0.052903
22269  7.119909  -35.735385  0.052993
22270  7.127394  -35.738799  0.053192
22271  7.132961  -35.741004  0.053062
22272  7.091487  -35.748758  0.052715
22273  7.099012  -35.752110  0.052779
22274  7.104095  -35.754336  0.052801
22275  7.133788  -35.817931  0.053912
22276  7.107120  -35.851218  0.053727
22277  7.114120  -35.854337  0.053760
22278  7.123249  -35.853023  0.053256
22279  7.100440  -35.866798  0.053277
22280  7.090928  -35.882702  0.053659
22281  7.095933  -35.885421  0.053659
22282  7.133626  -36.070201  0.053688
22283  7.093515  -36.155753  0.053237
22284  7.101152  -36.158610  0.053282
22285  7.093840  -36.196008  0.053504
22286  7.132849  -36.897533  0.053888
22287  7.131213  -36.948335  0.053736
22288  7.133006  -36.986197  0.053616
22289  7.128319  -37.008823  0.053735
22290  7.131829  -37.038369  0.053807
22291  7.124815  -37.059422  0.053726
22292  7.129281  -37.078977  0.053672
22293  7.125092  -37.101512  0.053801
22294  7.133239  -37.104746  0.053848
22295  7.128396  -37.132162  0.053563
22296  7.129998  -37.170496  0.053505
22297  7.127678  -37.246096  0.053596
22298  7.132726  -37.247332  0.053633
22299  7.115351  -37.268224  0.053779
22300  7.120479  -37.269548  0.053803
22301  7.106852  -37.282531  0.053827
22302  7.125118  -37.286964  0.053937
22303  7.133201  -37.288888  0.053978
22304  7.101486  -37.284373  0.053663
22305  7.111576  -37.295643  0.053535
22306  7.091139  -37.307926  0.053350
22307  7.096216  -37.308851  0.053385
22308  7.116267  -37.312408  0.053471
22309  7.121323  -37.313332  0.053523
22310  7.128807  -37.314569  0.053490
22311  7.103306  -37.322568  0.053740
22312  7.108328  -37.329435  0.053700
22313  7.133205  -37.334305  0.053797
22314  7.113027  -37.345628  0.053433
22315  7.124063  -37.347667  0.053468
22316  7.088434  -37.350385  0.053679
22317  7.093473  -37.350876  0.053250
22318  7.098620  -37.351918  0.053279
22319  7.117907  -37.355756  0.053360
22320  7.129048  -37.357946  0.053408
22321  7.103508  -37.365390  0.053392
22322  7.108143  -37.381263  0.053519
22323  7.121627  -37.384159  0.053551
22324  7.132738  -37.386527  0.053588
22326  7.093534  -37.392056  0.053426
22327  7.098696  -37.393274  0.053434
22328  7.112871  -37.396890  0.053710
22329  7.126300  -37.399796  0.053563
22330  7.103366  -37.409181  0.053486
22331  7.117541  -37.412531  0.053526
22332  7.108047  -37.427272  0.053540
22333  7.122205  -37.430647  0.053557
22334  7.129378  -37.432357  0.053584
22336  7.093593  -37.442495  0.053472
22337  7.098598  -37.443765  0.053480
22338  7.112416  -37.447264  0.053533
22339  7.133788  -37.452161  0.053273
22340  7.103138  -37.462313  0.053532
22341  7.116920  -37.465913  0.053600
22342  7.124315  -37.467823  0.053638
22343  7.107774  -37.477497  0.053639
22344  7.129017  -37.482572  0.053685
22345  7.092804  -37.485084  0.053482
22346  7.097937  -37.486227  0.053491
22347  7.112602  -37.489497  0.053549
22348  7.133934  -37.493873  0.053393
22349  7.088388  -37.746360  0.053549
22350  7.092640  -37.768514  0.053409
22351  7.097787  -37.769409  0.053394
22352  7.102294  -37.788486  0.053333
22353  7.111581  -37.790037  0.053335
22354  7.133609  -37.793761  0.053472
22355  7.095055  -37.803903  0.053133
22356  7.106814  -37.805794  0.053171
22357  7.114325  -37.824349  0.053167
22358  7.119340  -37.825105  0.053201
22359  7.124726  -37.825894  0.053225
22360  7.100819  -37.840447  0.053225
22361  7.109209  -37.841734  0.053258
22362  7.129299  -37.844758  0.053367
22363  7.121765  -37.860232  0.053484
22364  7.104019  -37.871887  0.053553
22365  7.112364  -37.873121  0.053559
22366  7.132605  -37.876201  0.053702
22367  7.117147  -37.885569  0.053587
22368  7.125701  -37.886788  0.053557
22369  7.107154  -37.903683  0.053239
22370  7.088473  -37.911162  0.053470
22371  7.101176  -37.912388  0.053101
22372  7.113028  -37.913971  0.053151
22373  7.120657  -37.915049  0.053243
22374  7.129149  -37.916132  0.053258
22375  7.093324  -37.921094  0.053104
22376  7.104781  -37.940899  0.053227
22377  7.116805  -37.941941  0.053236
22378  7.124345  -37.942660  0.053306
22379  7.132839  -37.943413  0.053356
22380  7.089194  -37.951052  0.053067
22381  7.096653  -37.951776  0.053068
22382  7.107958  -38.006254  0.053039
22383  7.113102  -38.007045  0.053058
22384  7.118668  -38.007888  0.053074
22385  7.123746  -38.008665  0.053100
22386  7.128784  -38.009467  0.053158
22387  7.133360  -38.027086  0.053329
22388  7.118938  -38.054711  0.053383
22389  7.123995  -38.055457  0.053380
22390  7.129033  -38.056262  0.053433
22391  7.133603  -38.239197  0.053230
22392  7.128791  -38.581478  0.052737
22393  7.133850  -38.580163  0.052468
22394  7.130902  -38.618302  0.052797
22395  7.127199  -38.650338  0.053095
